1	1.949093593684676051e+00	9.853577231909929068e-01	6.687480331319302085e-01	5.142531325859623914e-01	4.172957542201998771e-01	3.562344943454379131e-01
2	3.800467765014788335e-01	1.839041273196017900e-01	8.838813413649697359e-02	3.928967374161655701e-02	2.672733829874869918e-02	2.090310542198826199e-02
3	1.707184525909334338e-01	2.822657792291339077e-02	1.523705408893975127e-02	1.048111969988664571e-02	7.020357727993443812e-03	4.144958348145410740e-03
4	6.607126221190882942e-02	1.335543184963731457e-02	6.801305470831342341e-03	3.245646621216562167e-03	1.716559591206302544e-03	9.236553173912281055e-04
5	2.674596848676621952e-02	8.091344304835629275e-03	2.936698044047729612e-03	1.191605246963531968e-03	3.903925812431076120e-04	1.031268368290179881e-04
6	1.860741769412243771e-02	4.410528686521147587e-03	1.474871460602954426e-03	3.466758474728599652e-04	6.290385939845526283e-05	1.071857183128015377e-05
7	1.442019685827289170e-02	3.088399465100981085e-03	6.929503332452580057e-04	8.833633759368148734e-05	1.035354401840836079e-05	9.530121303062724818e-07
8	1.189877690393204707e-02	2.143550837148472214e-03	2.867833892007868148e-04	2.311074685468629447e-05	1.508955237336859935e-06	8.632667782437538068e-08
9	9.873309071998376263e-03	1.482953651307178074e-03	1.157771969464785615e-04	5.757729544392241868e-06	2.263655312763395455e-07	7.319908628170899046e-09
10	8.201261345322617344e-03	1.003099146618445601e-03	4.738757739112561915e-05	1.395594074450284329e-06	3.270279361660607312e-08	NaN
11	6.958741047512062051e-03	6.560482107231668933e-04	1.969646363909226659e-05	3.438668585596473794e-07	1.284134967993814172e-08	NaN
12	5.682123284038912044e-03	4.148629515233615678e-04	7.927009893616889725e-06	8.390539863443063919e-08	2.816798163320223678e-09	NaN
13	4.576602255420995045e-03	2.585337612211789453e-04	3.101217955520068984e-06	1.978026246840046486e-08	NaN	NaN
14	4.197567263096588924e-03	1.605689528628592385e-04	1.237585919388267488e-06	3.045379602901889589e-08	NaN	NaN
15	3.854295150111926565e-03	1.003083205647336960e-04	4.953892440548383968e-07	3.165336452524038837e-08	NaN	NaN
16	3.474783708343151447e-03	6.320224419133033285e-05	1.976331825283514440e-07	1.072805695449306076e-08	NaN	NaN
17	3.063819587331037281e-03	3.948575239601192740e-05	7.846916367934564452e-08	1.292860201127663898e-08	NaN	NaN
18	2.793242344495321626e-03	2.499029921683975774e-05	3.061902066708483839e-08	1.473598833365016721e-08	NaN	NaN
19	2.470469517279728043e-03	1.585971222346874119e-05	1.213920060555207081e-08	3.042338832803454414e-08	NaN	NaN
20	2.190562464106538855e-03	9.877355809630230388e-06	4.828930363792107509e-09	1.866875418585057370e-08	NaN	NaN
21	1.902758391855662555e-03	6.071623332116671971e-06	NaN	8.941559866046959196e-09	NaN	NaN
22	1.756811556937130578e-03	3.742722482039068756e-06	NaN	NaN	NaN	NaN
23	1.589350598212733697e-03	2.331393931381774623e-06	NaN	NaN	NaN	NaN
24	1.423588510498761690e-03	1.451865835801934024e-06	NaN	NaN	NaN	NaN
25	1.270663851907931569e-03	9.037671046013824099e-07	NaN	NaN	NaN	NaN
26	1.132338530586895044e-03	5.620284529665258508e-07	NaN	NaN	NaN	NaN
27	1.006683421632447459e-03	3.500264970191834070e-07	NaN	NaN	NaN	NaN
28	8.933223209367328064e-04	2.177695352936355429e-07	NaN	NaN	NaN	NaN
29	7.902805569896583643e-04	1.353466444570099364e-07	NaN	NaN	NaN	NaN
30	6.974589192760492469e-04	8.394995044642822310e-08	NaN	NaN	NaN	NaN
31	6.134826530832353242e-04	5.222562752023133494e-08	NaN	NaN	NaN	NaN
32	5.386282079199981475e-04	3.253222844344338325e-08	NaN	NaN	NaN	NaN
33	4.717940962452028776e-04	2.025437336583902607e-08	NaN	NaN	NaN	NaN
34	4.130579259063665376e-04	1.260643981243052457e-08	NaN	NaN	NaN	NaN
35	3.611586844168782474e-04	7.842885130171403830e-09	NaN	NaN	NaN	NaN
36	3.158570674794666843e-04	NaN	NaN	NaN	NaN	NaN
37	2.759001386607467144e-04	NaN	NaN	NaN	NaN	NaN
38	2.410340921126824954e-04	NaN	NaN	NaN	NaN	NaN
39	2.102838578890947705e-04	NaN	NaN	NaN	NaN	NaN
40	1.835561325707152586e-04	NaN	NaN	NaN	NaN	NaN
41	1.601441359558881256e-04	NaN	NaN	NaN	NaN	NaN
42	1.399490781887652747e-04	NaN	NaN	NaN	NaN	NaN
43	1.223415033859259738e-04	NaN	NaN	NaN	NaN	NaN
44	1.071541897789405663e-04	NaN	NaN	NaN	NaN	NaN
45	9.387219324864707704e-05	NaN	NaN	NaN	NaN	NaN
46	8.235512373475449143e-05	NaN	NaN	NaN	NaN	NaN
47	7.222970300460638084e-05	NaN	NaN	NaN	NaN	NaN
48	6.339833136680708648e-05	NaN	NaN	NaN	NaN	NaN
49	5.559143292105649678e-05	NaN	NaN	NaN	NaN	NaN
50	4.873430541722013106e-05	NaN	NaN	NaN	NaN	NaN
51	4.262051876308186406e-05	NaN	NaN	NaN	NaN	NaN
52	3.718288726962673882e-05	NaN	NaN	NaN	NaN	NaN
53	3.256116540204441218e-05	NaN	NaN	NaN	NaN	NaN
54	2.859450624166068027e-05	NaN	NaN	NaN	NaN	NaN
55	2.520603242840199342e-05	NaN	NaN	NaN	NaN	NaN
56	2.218298645949595235e-05	NaN	NaN	NaN	NaN	NaN
57	1.950766792169581767e-05	NaN	NaN	NaN	NaN	NaN
58	1.712603690694098908e-05	NaN	NaN	NaN	NaN	NaN
59	1.502158005300616540e-05	NaN	NaN	NaN	NaN	NaN
60	1.314899040087508978e-05	NaN	NaN	NaN	NaN	NaN
61	1.149793045852204230e-05	NaN	NaN	NaN	NaN	NaN
62	1.003415943524976791e-05	NaN	NaN	NaN	NaN	NaN
63	8.752863260257657055e-06	NaN	NaN	NaN	NaN	NaN
64	7.626483018720960324e-06	NaN	NaN	NaN	NaN	NaN
65	6.649186303991564489e-06	NaN	NaN	NaN	NaN	NaN
66	5.806526135417287238e-06	NaN	NaN	NaN	NaN	NaN
67	5.089998462742392300e-06	NaN	NaN	NaN	NaN	NaN
68	4.462405876279253603e-06	NaN	NaN	NaN	NaN	NaN
69	3.910149819809441237e-06	NaN	NaN	NaN	NaN	NaN
70	3.426357436746779081e-06	NaN	NaN	NaN	NaN	NaN
71	3.000502371091384405e-06	NaN	NaN	NaN	NaN	NaN
72	2.627394033111241567e-06	NaN	NaN	NaN	NaN	NaN
73	2.299000338321226751e-06	NaN	NaN	NaN	NaN	NaN
74	2.011467325262703546e-06	NaN	NaN	NaN	NaN	NaN
75	1.758727418564104597e-06	NaN	NaN	NaN	NaN	NaN
76	1.537853097555794996e-06	NaN	NaN	NaN	NaN	NaN
77	1.344157836440497498e-06	NaN	NaN	NaN	NaN	NaN
78	1.175245998902705015e-06	NaN	NaN	NaN	NaN	NaN
79	1.027388426657383804e-06	NaN	NaN	NaN	NaN	NaN
80	8.985765720289244771e-07	NaN	NaN	NaN	NaN	NaN
81	7.858695603311287644e-07	NaN	NaN	NaN	NaN	NaN
82	6.876524153657506983e-07	NaN	NaN	NaN	NaN	NaN
83	6.016703962658262235e-07	NaN	NaN	NaN	NaN	NaN
84	5.266787461236083179e-07	NaN	NaN	NaN	NaN	NaN
85	4.609783840388348230e-07	NaN	NaN	NaN	NaN	NaN
86	4.036270758358269652e-07	NaN	NaN	NaN	NaN	NaN
87	3.533491795619299792e-07	NaN	NaN	NaN	NaN	NaN
88	3.094320646658820424e-07	NaN	NaN	NaN	NaN	NaN
89	2.709154571457746128e-07	NaN	NaN	NaN	NaN	NaN
90	2.372573141818349640e-07	NaN	NaN	NaN	NaN	NaN
91	2.077315340161130554e-07	NaN	NaN	NaN	NaN	NaN
92	1.819235072304433800e-07	NaN	NaN	NaN	NaN	NaN
93	1.592822710927558916e-07	NaN	NaN	NaN	NaN	NaN
94	1.394889800520532115e-07	NaN	NaN	NaN	NaN	NaN
95	1.221246218644039171e-07	NaN	NaN	NaN	NaN	NaN
96	1.069433284255869717e-07	NaN	NaN	NaN	NaN	NaN
97	9.362588961593513682e-08	NaN	NaN	NaN	NaN	NaN
98	8.198228661733122174e-08	NaN	NaN	NaN	NaN	NaN
99	7.176924206635618060e-08	NaN	NaN	NaN	NaN	NaN
100	6.283973768823364330e-08	NaN	NaN	NaN	NaN	NaN
