1	4.444486605076405916e-01	2.484375725188424922e-01	1.727885719196183278e-01	1.323758059023284750e-01	1.075983660691591376e-01	9.030166684099745489e-02
2	1.379069866893876672e-01	5.366975975831384665e-02	3.291810255646335226e-02	2.483984254977028572e-02	2.068512569772634063e-02	1.809886487706739364e-02
3	6.454329004309065920e-02	2.500338599649527122e-02	1.746165655727302535e-02	9.420783510208320319e-03	3.922039157285814141e-03	1.748542248551808540e-03
4	3.811552016898722001e-02	1.775091024193283656e-02	5.452407207274890220e-03	1.477538565832045309e-03	4.536049760212589608e-04	1.373330905916456839e-04
5	2.889428181714831859e-02	9.881640400964177354e-03	1.521547175809615177e-03	2.901443123100170326e-04	5.781764108479177139e-05	2.504974882584521398e-05
6	2.423050480736892859e-02	4.359365811183173178e-03	4.887768868300457160e-04	6.034697496214682435e-05	2.378226314053818847e-05	2.013152996410002711e-05
7	2.131335198862848931e-02	2.120785579322752995e-03	1.631428055699476803e-04	2.448853520612031452e-05	2.013368678491143070e-05	2.012303566514226042e-05
8	1.937957197805896536e-02	1.108180471871133155e-03	5.713353274890316247e-05	2.022779299075299608e-05	2.012312187326036831e-05	2.012300589677531686e-05
9	1.744533681512831780e-02	5.929365795338077325e-04	2.670030627193626741e-05	2.012660695474133272e-05	2.012300699920629906e-05	2.012300579947587311e-05
10	1.479593918597596480e-02	3.245591611273086871e-04	2.235983652650576033e-05	2.012312608925045045e-05	2.012300581139753658e-05	2.012300579930045258e-05
11	1.126736476736694102e-02	1.786248712805537568e-04	2.020832360142024744e-05	2.012300973548880633e-05	2.012300579880984093e-05	2.012300579925370992e-05
12	8.399699526243772571e-03	9.949774175165242271e-05	2.013190155372809970e-05	2.012300592462318519e-05	2.012300579878616467e-05	2.012300579944449901e-05
13	6.470927484192363736e-03	5.718073307498453678e-05	2.012392385060171913e-05	2.012300580354429432e-05	2.012300579897475147e-05	2.012300579935599423e-05
14	5.132921113416230759e-03	3.561677982407358741e-05	2.012309978984325228e-05	2.012300579954967678e-05	2.012300579925580717e-05	2.012300579949760797e-05
15	4.056814084274983426e-03	2.578533086216637060e-05	2.012301536288637160e-05	2.012300579917808004e-05	2.012300579903400990e-05	2.012300580034119519e-05
16	3.239509422683055015e-03	2.200514761674353945e-05	2.012300676444454814e-05	2.012300579950690839e-05	2.012300579944586442e-05	2.012300580055585028e-05
17	2.615908128477762839e-03	2.069716301009823304e-05	2.012300589626816436e-05	2.012300579959878097e-05	2.012300579914667206e-05	2.012300579975751156e-05
18	2.132883602424497354e-03	2.029671788946319402e-05	2.012300580852799902e-05	2.012300579980710026e-05	2.012300579881462498e-05	2.012300580093847539e-05
19	1.742647542797706684e-03	2.017512456055655011e-05	2.012300580000482146e-05	2.012300579981684114e-05	2.012300579876152279e-05	2.012300579874229175e-05
20	1.428529914741714880e-03	2.013859142519663394e-05	2.012300579920247120e-05	2.012300580014213567e-05	2.012300579913724627e-05	2.012300579903961387e-05
21	1.172938926965485596e-03	2.012765646084306082e-05	2.012300579924525653e-05	2.012300579979244998e-05	2.012300579888283823e-05	2.012300579858176207e-05
22	9.659212596377595448e-04	2.012439218732202891e-05	2.012300579914248433e-05	2.012300579931227039e-05	2.012300579754607794e-05	2.012300580001412866e-05
23	7.974668304635516977e-04	2.012341828390691801e-05	2.012300579916720414e-05	2.012300579967675205e-05	2.012300579894108022e-05	2.012300579961311277e-05
24	6.635049778541371630e-04	2.012312855348621238e-05	2.012300579877009815e-05	2.012300579991677747e-05	2.012300579921694191e-05	2.012300579836863841e-05
25	5.521663993490872040e-04	2.012304220891919431e-05	2.012300579900785352e-05	2.012300579960787472e-05	2.012300579940635542e-05	2.012300579920589660e-05
26	4.601572312351200739e-04	2.012301663323013288e-05	2.012300579913258759e-05	2.012300579981106776e-05	2.012300579887899609e-05	2.012300579795259616e-05
27	3.835453813133327442e-04	2.012300899594921222e-05	2.012300579893175269e-05	2.012300579980583648e-05	2.012300579838580269e-05	2.012300579924707934e-05
28	3.201294904999783591e-04	2.012300675306535506e-05	2.012300579913723611e-05	2.012300579972766212e-05	2.012300579834232618e-05	2.012300579884442360e-05
29	2.672841361785820396e-04	2.012300607590413693e-05	2.012300579919736190e-05	2.012300579912003456e-05	2.012300579864939934e-05	2.012300579909336997e-05
30	2.234873651007839664e-04	2.012300588184909878e-05	2.012300579920245087e-05	2.012300579948960520e-05	2.012300579886606698e-05	2.012300579821488499e-05
31	1.869678699306967203e-04	2.012300582120698787e-05	2.012300579906855190e-05	2.012300579987100042e-05	2.012300579900659991e-05	2.012300579903243781e-05
32	1.566767495881975182e-04	2.012300580511262665e-05	2.012300579916445975e-05	2.012300579960616033e-05	2.012300579835925668e-05	2.012300579931964974e-05
33	1.314221424857142163e-04	2.012300579952908033e-05	2.012300579901603247e-05	2.012300579932677837e-05	2.012300579858561098e-05	2.012300579879442494e-05
34	1.104842913242940421e-04	2.012300579867397685e-05	2.012300579912301951e-05	2.012300579965075492e-05	2.012300579884364771e-05	2.012300579947389105e-05
35	9.306078668094554468e-05	2.012300579822936926e-05	2.012300579916918958e-05	2.012300579964297915e-05	2.012300579843436139e-05	2.012300579962382943e-05
36	7.865673101043440922e-05	2.012300579828023867e-05	2.012300579920957950e-05	2.012300579980086271e-05	2.012300579842216412e-05	2.012300579903549729e-05
37	6.673002576621433687e-05	2.012300579835270403e-05	2.012300579899719107e-05	2.012300579938513894e-05	2.012300579809302744e-05	2.012300579861583651e-05
38	5.693796497673817838e-05	2.012300579831919879e-05	2.012300579904180938e-05	2.012300579949007954e-05	2.012300579811690361e-05	2.012300579923805336e-05
39	4.891123748921202521e-05	2.012300579848725013e-05	2.012300579904072856e-05	2.012300579975959865e-05	2.012300579912687181e-05	2.012300579931532309e-05
40	4.240742524661708998e-05	2.012300579849329795e-05	2.012300579907425752e-05	2.012300579938421059e-05	2.012300579885447618e-05	2.012300579974251908e-05
41	3.716825744761205740e-05	2.012300579854672540e-05	2.012300579931128444e-05	2.012300579968971504e-05	2.012300579863378683e-05	2.012300579882317662e-05
42	3.301276974125325558e-05	2.012300579864245028e-05	2.012300579899525984e-05	2.012300579976920739e-05	2.012300579891255554e-05	2.012300579838444744e-05
43	2.974998787381959769e-05	2.012300579862735277e-05	2.012300579929544154e-05	2.012300579970671330e-05	2.012300579887246377e-05	2.012300579873941184e-05
44	2.723493810518666188e-05	2.012300579867772751e-05	2.012300579911134401e-05	2.012300579979343253e-05	2.012300579878292562e-05	2.012300579927113508e-05
45	2.531971873232824368e-05	2.012300579862955167e-05	2.012300579937396488e-05	2.012300579967551199e-05	2.012300579835141315e-05	2.012300579990603371e-05
46	2.388759394119513579e-05	2.012300579872606260e-05	2.012300579901502281e-05	2.012300579952678317e-05	2.012300579902467898e-05	2.012300579948725384e-05
47	2.282808013506846447e-05	2.012300579876741475e-05	2.012300579922366396e-05	2.012300579975255472e-05	2.012300579891135275e-05	2.012300579948989997e-05
48	2.205577228187003026e-05	2.012300579873435675e-05	2.012300579910454064e-05	2.012300579974729973e-05	2.012300579906339178e-05	2.012300579886271273e-05
49	2.149674299691168872e-05	2.012300579876521924e-05	2.012300579955664956e-05	2.012300579970585610e-05	2.012300579842424104e-05	2.012300579925307972e-05
50	2.109630838433360547e-05	2.012300579896154454e-05	2.012300579906602436e-05	2.012300580000613267e-05	2.012300579863392236e-05	NaN
51	2.081045636451114177e-05	2.012300579893882711e-05	2.012300579905626654e-05	2.012300579968618800e-05	2.012300579917186282e-05	NaN
52	2.060780095267176863e-05	2.012300579884206884e-05	2.012300579903297652e-05	2.012300579956894170e-05	2.012300579797789195e-05	NaN
53	2.046427603568159586e-05	2.012300579878492461e-05	2.012300579908549934e-05	2.012300579966592019e-05	2.012300579864287041e-05	NaN
54	2.036308339178702438e-05	2.012300579883317161e-05	2.012300579917877461e-05	2.012300579988448519e-05	2.012300579920027908e-05	NaN
55	2.029172242109521070e-05	2.012300579891164413e-05	2.012300579918385341e-05	2.012300579970074002e-05	2.012300579849535115e-05	NaN
56	2.024154627268824245e-05	2.012300579893999602e-05	2.012300579905212624e-05	2.012300579945902393e-05	2.012300579835143348e-05	NaN
57	2.020624342122908900e-05	2.012300579888971953e-05	2.012300579911036145e-05	2.012300579930410160e-05	2.012300579870018066e-05	NaN
58	2.018145090596745977e-05	2.012300579895373489e-05	2.012300579908941941e-05	2.012300579976133676e-05	NaN	NaN
59	2.016403042433080514e-05	2.012300579896837501e-05	2.012300579927906669e-05	2.012300579984107644e-05	NaN	NaN
60	2.015180104529528182e-05	2.012300579892326203e-05	2.012300579892478331e-05	2.012300579978698153e-05	NaN	NaN
61	2.014321569995661444e-05	2.012300579889481867e-05	2.012300579899760103e-05	2.012300579964035335e-05	NaN	NaN
62	2.013718804105361486e-05	2.012300579882776754e-05	2.012300579920518509e-05	2.012300579918983686e-05	NaN	NaN
63	2.013295972533401781e-05	2.012300579886049012e-05	2.012300579902634594e-05	2.012300579932348171e-05	NaN	NaN
64	2.012998970551225990e-05	2.012300579900363530e-05	2.012300579902176180e-05	2.012300579998124346e-05	NaN	NaN
65	2.012790804788736282e-05	2.012300579893690943e-05	2.012300579903850934e-05	2.012300579932451171e-05	NaN	NaN
66	2.012644469535422001e-05	2.012300579908621762e-05	2.012300579902180924e-05	2.012300579949778754e-05	NaN	NaN
67	2.012542015532651341e-05	2.012300579893486300e-05	2.012300579897139722e-05	2.012300579981566545e-05	NaN	NaN
68	2.012469906187092317e-05	2.012300579906705774e-05	2.012300579915796470e-05	2.012300579969074842e-05	NaN	NaN
69	2.012419494632914900e-05	2.012300579883489617e-05	2.012300579909486752e-05	2.012300579965713816e-05	NaN	NaN
70	2.012383952463273461e-05	2.012300579907676812e-05	2.012300579889400213e-05	NaN	NaN	NaN
71	2.012359156362438685e-05	2.012300579890476622e-05	2.012300579881351706e-05	NaN	NaN	NaN
72	2.012341630662799866e-05	2.012300579907519942e-05	2.012300579900461108e-05	NaN	NaN	NaN
73	2.012329439507319994e-05	2.012300579911358356e-05	2.012300579899785514e-05	NaN	NaN	NaN
74	2.012320792491182952e-05	2.012300579915470871e-05	2.012300579907644286e-05	NaN	NaN	NaN
75	2.012314802420914537e-05	2.012300579900647116e-05	2.012300579912405628e-05	NaN	NaN	NaN
76	2.012310532307122829e-05	2.012300579910222654e-05	2.012300579909240096e-05	NaN	NaN	NaN
77	2.012307591699880597e-05	2.012300579894810043e-05	2.012300579899646940e-05	NaN	NaN	NaN
78	2.012305480433633861e-05	2.012300579902902934e-05	2.012300579907044926e-05	NaN	NaN	NaN
79	2.012304038681950272e-05	2.012300579902915471e-05	2.012300579931237881e-05	NaN	NaN	NaN
80	2.012302992956865378e-05	2.012300579905980375e-05	2.012300579892236418e-05	NaN	NaN	NaN
81	2.012302287344670457e-05	2.012300579909228238e-05	2.012300579902536339e-05	NaN	NaN	NaN
82	2.012301768101441856e-05	2.012300579906734573e-05	2.012300579927059298e-05	NaN	NaN	NaN
83	2.012301423665685695e-05	2.012300579897037401e-05	2.012300579881149095e-05	NaN	NaN	NaN
84	2.012301164953532025e-05	2.012300579908950750e-05	2.012300579916649602e-05	NaN	NaN	NaN
85	2.012300997448500031e-05	2.012300579910614661e-05	2.012300579905685946e-05	NaN	NaN	NaN
86	2.012300867931450684e-05	2.012300579903490098e-05	2.012300579904562780e-05	NaN	NaN	NaN
87	2.012300786917063387e-05	2.012300579902093849e-05	2.012300579913562336e-05	NaN	NaN	NaN
88	2.012300721649252700e-05	2.012300579888162189e-05	NaN	NaN	NaN	NaN
89	2.012300682777686279e-05	2.012300579898236122e-05	NaN	NaN	NaN	NaN
90	2.012300649601193314e-05	2.012300579904492646e-05	NaN	NaN	NaN	NaN
91	2.012300631183650771e-05	2.012300579902147720e-05	NaN	NaN	NaN	NaN
92	2.012300614112486749e-05	2.012300579904362542e-05	NaN	NaN	NaN	NaN
93	2.012300605542315470e-05	2.012300579887989056e-05	NaN	NaN	NaN	NaN
94	2.012300596625018909e-05	2.012300579890673134e-05	NaN	NaN	NaN	NaN
95	2.012300592767733527e-05	2.012300579910626181e-05	NaN	NaN	NaN	NaN
96	2.012300588022798952e-05	2.012300579888781540e-05	NaN	NaN	NaN	NaN
97	2.012300586373500443e-05	2.012300579920372142e-05	NaN	NaN	NaN	NaN
98	2.012300583793012875e-05	2.012300579911168621e-05	NaN	NaN	NaN	NaN
99	2.012300583158193191e-05	2.012300579906129452e-05	NaN	NaN	NaN	NaN
100	2.012300581715230553e-05	2.012300579905602259e-05	NaN	NaN	NaN	NaN
