1	4.444486604901649596e-01	2.484375725267894686e-01	1.727885719249590557e-01	1.323758058821856431e-01	1.075983660733071529e-01	9.030166684971048519e-02
2	1.379480188531011231e-01	5.366972661734738942e-02	3.291810511775222770e-02	2.483984029684663253e-02	2.068511225764098696e-02	1.809886068376827944e-02
3	6.455078244762625650e-02	2.500340473996443338e-02	1.746166784395335875e-02	9.420762646401806273e-03	3.922014850641862213e-03	1.748480813025293313e-03
4	3.811716591840227236e-02	1.775090491866310877e-02	5.452378944032778944e-03	1.477443065191321684e-03	4.531813860353383358e-04	1.358566739659331196e-04
5	2.889432311732135356e-02	9.881617954019587813e-03	1.521447606702210596e-03	2.894545003062596613e-04	5.420292140818754880e-05	2.226036357592812962e-05
6	2.423109263284360659e-02	4.359338617999901182e-03	4.883800504487720686e-04	5.689276577060902969e-05	2.088099828464030585e-05	2.602267783266097703e-06
7	2.131347985465186293e-02	2.120721591554562604e-03	1.618983782233960169e-04	2.168388296784594935e-05	1.312110535201522370e-06	4.432614144679557734e-08
8	1.937997666930854623e-02	1.108045080729670121e-03	5.347209980062810812e-05	3.885209557926937299e-06	8.740286939057697015e-08	1.983823927923544858e-09
9	1.744546038929627174e-02	5.926176921274595470e-04	1.754884054202027237e-05	3.836627082131167837e-07	6.969736362639595252e-09	NaN
10	1.479620347266033531e-02	3.239445556346243573e-04	1.924776726808045461e-05	6.957419429607602613e-08	NaN	NaN
11	1.126747206575109614e-02	1.774905459342198788e-04	3.514981033843981440e-06	1.258796329996946860e-08	NaN	NaN
12	8.399823048808215120e-03	9.744213879308122838e-05	9.306721372977482586e-07	2.260284606660810871e-09	NaN	NaN
13	6.470987840215617660e-03	5.352298736888985530e-05	2.302321070552651255e-07	NaN	NaN	NaN
14	5.132990121691352776e-03	2.938731448754921063e-05	6.535421764195360207e-08	NaN	NaN	NaN
15	4.056843334927237935e-03	1.612284209342890884e-05	1.960719040071859094e-08	NaN	NaN	NaN
16	3.239535623998463561e-03	1.883100637920849139e-05	6.234196412566798695e-09	NaN	NaN	NaN
17	2.615899190499804822e-03	6.521216495826319328e-06	NaN	NaN	NaN	NaN
18	2.132861072001742461e-03	3.149586333554732638e-06	NaN	NaN	NaN	NaN
19	1.742596451402653223e-03	1.449188692580731601e-06	NaN	NaN	NaN	NaN
20	1.428456754563851329e-03	7.920643831865698898e-07	NaN	NaN	NaN	NaN
21	1.172832613945847023e-03	4.326211730807341897e-07	NaN	NaN	NaN	NaN
22	9.657821036882167486e-04	2.361469317752615607e-07	NaN	NaN	NaN	NaN
23	7.972546323391254590e-04	1.288213677897171332e-07	NaN	NaN	NaN	NaN
24	6.632366303662808656e-04	7.023253629488302142e-08	NaN	NaN	NaN	NaN
25	5.518300392378664354e-04	3.826830158475939489e-08	NaN	NaN	NaN	NaN
26	4.597419402954850852e-04	2.084035470517761685e-08	NaN	NaN	NaN	NaN
27	3.830365783487489476e-04	1.134341588063869257e-08	NaN	NaN	NaN	NaN
28	3.195115644049992157e-04	6.171222075684924113e-09	NaN	NaN	NaN	NaN
29	2.665370979771075600e-04	NaN	NaN	NaN	NaN	NaN
30	2.225884613113400837e-04	NaN	NaN	NaN	NaN	NaN
31	1.858886076169194185e-04	NaN	NaN	NaN	NaN	NaN
32	1.553844112791878999e-04	NaN	NaN	NaN	NaN	NaN
33	1.298765284897728195e-04	NaN	NaN	NaN	NaN	NaN
34	1.086395704294580239e-04	NaN	NaN	NaN	NaN	NaN
35	9.086167064083592465e-05	NaN	NaN	NaN	NaN	NaN
36	7.604121303476456511e-05	NaN	NaN	NaN	NaN	NaN
37	6.362524282457216460e-05	NaN	NaN	NaN	NaN	NaN
38	5.326484392958356836e-05	NaN	NaN	NaN	NaN	NaN
39	4.458103830520035980e-05	NaN	NaN	NaN	NaN	NaN
40	3.732991453225100256e-05	NaN	NaN	NaN	NaN	NaN
41	3.125038201833627000e-05	NaN	NaN	NaN	NaN	NaN
42	2.617133891968145736e-05	NaN	NaN	NaN	NaN	NaN
43	2.191219895901607771e-05	NaN	NaN	NaN	NaN	NaN
44	1.835267293754120073e-05	NaN	NaN	NaN	NaN	NaN
45	1.536749083402393486e-05	NaN	NaN	NaN	NaN	NaN
46	1.555545937934242292e-05	NaN	NaN	NaN	NaN	NaN
47	1.077905346147326305e-05	NaN	NaN	NaN	NaN	NaN
48	9.029070936030017265e-06	NaN	NaN	NaN	NaN	NaN
49	7.561395909927130522e-06	NaN	NaN	NaN	NaN	NaN
50	6.334006439608989588e-06	NaN	NaN	NaN	NaN	NaN
51	5.304633737209475362e-06	NaN	NaN	NaN	NaN	NaN
52	4.443670130582526767e-06	NaN	NaN	NaN	NaN	NaN
53	3.721624583746513004e-06	NaN	NaN	NaN	NaN	NaN
54	3.117638595535727106e-06	NaN	NaN	NaN	NaN	NaN
55	2.611122122398682175e-06	NaN	NaN	NaN	NaN	NaN
56	2.187382896754008626e-06	NaN	NaN	NaN	NaN	NaN
57	1.832037380204084394e-06	NaN	NaN	NaN	NaN	NaN
58	1.534738667130402706e-06	NaN	NaN	NaN	NaN	NaN
59	1.285434311485411776e-06	NaN	NaN	NaN	NaN	NaN
60	1.076839057133976598e-06	NaN	NaN	NaN	NaN	NaN
61	9.019246883056285236e-07	NaN	NaN	NaN	NaN	NaN
62	7.555626658529562518e-07	NaN	NaN	NaN	NaN	NaN
63	6.328375667638873520e-07	NaN	NaN	NaN	NaN	NaN
64	5.301397667183140678e-07	NaN	NaN	NaN	NaN	NaN
65	4.440305155410564845e-07	NaN	NaN	NaN	NaN	NaN
66	3.719696894952437514e-07	NaN	NaN	NaN	NaN	NaN
67	3.115509947295304322e-07	NaN	NaN	NaN	NaN	NaN
68	2.609872189913226570e-07	NaN	NaN	NaN	NaN	NaN
69	2.185941665415961472e-07	NaN	NaN	NaN	NaN	NaN
70	1.831145502075840231e-07	NaN	NaN	NaN	NaN	NaN
71	1.533693527434724573e-07	NaN	NaN	NaN	NaN	NaN
72	1.284742129309103494e-07	NaN	NaN	NaN	NaN	NaN
73	1.076036156197788464e-07	NaN	NaN	NaN	NaN	NaN
74	9.013559411849387773e-08	NaN	NaN	NaN	NaN	NaN
75	7.549205826734449331e-08	NaN	NaN	NaN	NaN	NaN
76	6.323563629260873702e-08	NaN	NaN	NaN	NaN	NaN
77	5.296144895195514088e-08	NaN	NaN	NaN	NaN	NaN
78	4.436197107271628743e-08	NaN	NaN	NaN	NaN	NaN
79	3.715360185584276313e-08	NaN	NaN	NaN	NaN	NaN
80	3.112013963584345803e-08	NaN	NaN	NaN	NaN	NaN
81	2.606291392541640202e-08	NaN	NaN	NaN	NaN	NaN
82	2.182994376848778980e-08	NaN	NaN	NaN	NaN	NaN
83	1.828204288883145366e-08	NaN	NaN	NaN	NaN	NaN
84	1.531238734815267272e-08	NaN	NaN	NaN	NaN	NaN
85	1.282345748748177816e-08	NaN	NaN	NaN	NaN	NaN
86	1.074017760495553905e-08	NaN	NaN	NaN	NaN	NaN
87	8.994217151741694860e-09	NaN	NaN	NaN	NaN	NaN
