1	7.838762289972559527e-01	4.271760496590045753e-01	2.946544765279560107e-01	2.268201591874726697e-01	1.842740409988803119e-01	1.554440323232793852e-01
2	2.053029221538479887e-01	8.246746342658524409e-02	4.949609939359725375e-02	3.532935836012122272e-02	2.746304503276145864e-02	2.265094876970041166e-02
3	9.679606350082708977e-02	3.389092864664672994e-02	2.024693803411166740e-02	1.470652561499124177e-02	9.349787294139462815e-03	5.191307982686292621e-03
4	6.099573161593778436e-02	2.041296330315127416e-02	1.067947246382021723e-02	4.180134725302103380e-03	1.746204194429938411e-03	7.347330440681465935e-04
5	4.274162538187663285e-02	1.470846408728744038e-02	4.100436536886740632e-03	1.201784604296423677e-03	3.650450681474204720e-04	1.103319644919086191e-04
6	3.415818630301900583e-02	8.802589837482039867e-03	1.739670957543972517e-03	3.705672792374279170e-04	7.855276065522763713e-05	2.016566367130509781e-05
7	2.855362270103133440e-02	5.167430213786006026e-03	7.641610427908818040e-04	1.167223746077858295e-04	2.061353199678879234e-05	1.479687986357461451e-05
8	2.497635816716817572e-02	3.187280224106072909e-03	3.530850749673040642e-04	3.808110709219495843e-05	1.496371956487193636e-05	1.469195217178295188e-05
9	2.189414913129580920e-02	2.011689526963438262e-03	1.631660330799802861e-04	1.775421001393009807e-05	1.470052693184539105e-05	1.469035601745802375e-05
10	2.018927106013381628e-02	1.286948281050892410e-03	7.627476633836479075e-05	1.499219859374075285e-05	1.469069796424016395e-05	1.469033267692067413e-05
11	1.783375308342094456e-02	8.316004590846843778e-04	3.687531474379407876e-05	1.471726005705194594e-05	1.469034539071078801e-05	1.469033225596816924e-05
12	1.562206161302840367e-02	5.527644522531455998e-04	2.062799408048297673e-05	1.469268121998856676e-05	1.469033278853569468e-05	1.469033223277100646e-05
13	1.310114025186217245e-02	3.682915892063698122e-04	1.610683139149026748e-05	1.469053521653238059e-05	1.469033227879334056e-05	1.469033223431270299e-05
14	1.101714256029905081e-02	2.384014577094883491e-04	1.499447911637246688e-05	1.469034989537061506e-05	1.469033224145630442e-05	1.469033224136623602e-05
15	9.160530834764963812e-03	1.637231723398215088e-04	1.475347907960623958e-05	1.469033385696096203e-05	1.469033223466839584e-05	1.469033223497183523e-05
16	7.912579486328797859e-03	1.099538054962166520e-04	1.470330216186518318e-05	1.469033241410793978e-05	1.469033223345181597e-05	1.469033223159844520e-05
17	6.746507298120619014e-03	7.405079747708086973e-05	1.469298412252070289e-05	1.469033227041370121e-05	1.469033223741405483e-05	1.469033223038812321e-05
18	5.831068002558146418e-03	5.036927403439462112e-05	1.469087291329835436e-05	1.469033224274634577e-05	1.469033223127038256e-05	1.469033223021888094e-05
19	4.987745023782363257e-03	3.496209708142362417e-05	1.469044250376867870e-05	1.469033224398978505e-05	1.469033222967783187e-05	1.469033223410201201e-05
20	4.334039769244311946e-03	2.516187088621149235e-05	1.469035480657348170e-05	1.469033223602907634e-05	1.469033223229866870e-05	1.469033222528124637e-05
21	3.731553665475422898e-03	1.979286521984999924e-05	1.469033694077232755e-05	1.469033223393628493e-05	1.469033222699116703e-05	1.469033222578551389e-05
22	3.258789990606468165e-03	1.714850914570152014e-05	1.469033325464436455e-05	1.469033223367389276e-05	1.469033222680113688e-05	1.469033222586856038e-05
23	2.819960134499962644e-03	1.583079746033874352e-05	1.469033247670588025e-05	1.469033223605809908e-05	1.469033222593808824e-05	1.469033221587701903e-05
24	2.471248086409794792e-03	1.520812892198738494e-05	1.469033230376009407e-05	1.469033223301130293e-05	1.469033222901376143e-05	1.469033220456354554e-05
25	2.146436763910388769e-03	1.492277478332742756e-05	1.469033226200297744e-05	1.469033223372080314e-05	1.469033222938134493e-05	1.469033222710819480e-05
26	1.885895947326379296e-03	1.479411813311615614e-05	1.469033224672514751e-05	1.469033223561573443e-05	1.469033222214257087e-05	1.469033222553564255e-05
27	1.643204947472084836e-03	1.473654427490166546e-05	1.469033224181227510e-05	1.469033223447898911e-05	1.469033222718206962e-05	1.469033220223324101e-05
28	1.447050769417396188e-03	1.471088079612295726e-05	1.469033223944750650e-05	1.469033223050377031e-05	1.469033222996050201e-05	1.469033221892746081e-05
29	1.264500203419238050e-03	1.469946199390103058e-05	1.469033223688633975e-05	1.469033222943371189e-05	1.469033222935534102e-05	1.469033220981722674e-05
30	1.120334481473443319e-03	1.469438631788233188e-05	1.469033223780136064e-05	1.469033223144311460e-05	1.469033222420245505e-05	1.469033224151538836e-05
31	9.877262490631541839e-04	1.469213233067319773e-05	1.469033223510114328e-05	1.469033222986215810e-05	1.469033222028321496e-05	1.469033221926711594e-05
32	8.793668408894235455e-04	1.469113113902832925e-05	1.469033223634952754e-05	1.469033223133986637e-05	1.469033221522241333e-05	1.469033222741977756e-05
33	7.765059436899920692e-04	1.469068703958627884e-05	1.469033223522266032e-05	1.469033222507109411e-05	1.469033221566259603e-05	1.469033221412773167e-05
34	6.918726907769420006e-04	1.469048972736176174e-05	1.469033223609922253e-05	1.469033222999455613e-05	1.469033221956510890e-05	1.469033221977928288e-05
35	6.116915284799040800e-04	1.469040230297459450e-05	1.469033223377710881e-05	1.469033222635809799e-05	1.469033222448787296e-05	1.469033221628450795e-05
36	5.453051360107529508e-04	1.469036339485321542e-05	1.469033223402423236e-05	1.469033222569745465e-05	1.469033221309840199e-05	1.469033222011454360e-05
37	4.825455359215566667e-04	1.469034617565412975e-05	1.469033223528612002e-05	1.469033222259843384e-05	1.469033221954519008e-05	1.469033221718704357e-05
38	4.302449872477372649e-04	1.469033847382699627e-05	1.469033223433921342e-05	1.469033222510861767e-05	1.469033221887491427e-05	1.469033221268402839e-05
39	3.808130782622922914e-04	1.469033506711752161e-05	1.469033223509948987e-05	1.469033223034277306e-05	1.469033222527530359e-05	1.469033219475966095e-05
40	3.390151279493605445e-04	1.469033352396478020e-05	1.469033223452659913e-05	1.469033222698965762e-05	1.469033222284084958e-05	1.469033221743261028e-05
41	2.983740212134990155e-04	1.469033284115568868e-05	1.469033223481566607e-05	1.469033222565383245e-05	1.469033222102141773e-05	1.469033222122084317e-05
42	2.609368758860781544e-04	1.469033252184838090e-05	1.469033223526842042e-05	1.469033222695331652e-05	1.469033222099497675e-05	1.469033220833571868e-05
43	2.344954703863979205e-04	1.469033238004288180e-05	1.469033223334858806e-05	1.469033222343775709e-05	1.469033222740485114e-05	1.469033222800333921e-05
44	2.111208181022917465e-04	1.469033230935475008e-05	1.469033223305525886e-05	1.469033222719718408e-05	1.469033221640237597e-05	1.469033221424210822e-05
45	1.880316079750099522e-04	1.469033227702192869e-05	1.469033223168284187e-05	1.469033222393650364e-05	1.469033222227709325e-05	1.469033220790429261e-05
46	1.681773174962789550e-04	1.469033225984507461e-05	1.469033223009560885e-05	1.469033222817651171e-05	1.469033221597944395e-05	1.469033221162148823e-05
47	1.495214115109117252e-04	1.469033225068218559e-05	1.469033223123167146e-05	1.469033222458765514e-05	1.469033222583439107e-05	1.469033221478583053e-05
48	1.336456924970551405e-04	1.469033224543810636e-05	1.469033222784873876e-05	1.469033222396346131e-05	1.469033221878335170e-05	1.469033220504582577e-05
49	1.188609269322344025e-04	1.469033224249399771e-05	1.469033223087481309e-05	1.469033222486097404e-05	1.469033222141890488e-05	1.469033222421593981e-05
50	1.062748135993557666e-04	1.469033223990140774e-05	1.469033222824818595e-05	1.469033222120293859e-05	1.469033222238873728e-05	1.469033220448077348e-05
51	9.460544723093413690e-05	1.469033223935982842e-05	1.469033222710565200e-05	1.469033222466121826e-05	1.469033222078209365e-05	1.469033221997722092e-05
52	8.465667746386520910e-05	1.469033223820553936e-05	1.469033222889788055e-05	1.469033222216978096e-05	1.469033222441367796e-05	1.469033221658949063e-05
53	7.546673437789468955e-05	1.469033223786330586e-05	1.469033222872908382e-05	1.469033222201882613e-05	1.469033222171237639e-05	1.469033222122540190e-05
54	6.762192416225016678e-05	1.469033223725481602e-05	1.469033222795056737e-05	1.469033222385047051e-05	1.469033221049367911e-05	1.469033221953247103e-05
55	6.040295312108511720e-05	1.469033223736394097e-05	1.469033222731493352e-05	1.469033221751637845e-05	1.469033221300797444e-05	1.469033221039813210e-05
56	5.423664512305451205e-05	1.469033223612137413e-05	1.469033222877368010e-05	1.469033222337426858e-05	1.469033220909260361e-05	1.469033222923884349e-05
57	4.858632027150039287e-05	1.469033223701993548e-05	1.469033222642370747e-05	1.469033222314260338e-05	1.469033222454264720e-05	1.469033220620566799e-05
58	4.376061591457013349e-05	1.469033223606194122e-05	1.469033222623381285e-05	1.469033222040196221e-05	1.469033221358094819e-05	1.469033222049301994e-05
59	3.936023066346736699e-05	1.469033223631455355e-05	1.469033222806736474e-05	1.469033222396430835e-05	1.469033221611522841e-05	1.469033220436848741e-05
60	3.560533959767883742e-05	1.469033223595328891e-05	1.469033222492629552e-05	1.469033221703986482e-05	1.469033221704729161e-05	1.469033221385368602e-05
61	3.219999593539909333e-05	1.469033223611747609e-05	1.469033222612578396e-05	1.469033222348277350e-05	1.469033221450653158e-05	1.469033221489474033e-05
62	2.929819098572965190e-05	1.469033223545461521e-05	1.469033222619928101e-05	1.469033222006592899e-05	1.469033222101461606e-05	1.469033220365653250e-05
63	2.668345671712632903e-05	1.469033223554849864e-05	1.469033222654980018e-05	1.469033222074419571e-05	1.469033221911610351e-05	1.469033220948574040e-05
64	2.446441509934300573e-05	1.469033223484979811e-05	1.469033222534452820e-05	1.469033222391405896e-05	1.469033221726806736e-05	1.469033221711248604e-05
65	2.254162692992986859e-05	1.469033223402583495e-05	1.469033222549343998e-05	1.469033222148457365e-05	1.469033221947003792e-05	1.469033221835876119e-05
66	2.118540674572910973e-05	1.469033223442373884e-05	1.469033222581174141e-05	1.469033222299638855e-05	1.469033221956092964e-05	1.469033220870129810e-05
67	2.000893242451052609e-05	1.469033223422022054e-05	1.469033222690724470e-05	1.469033222172206983e-05	1.469033221466269566e-05	1.469033222202818923e-05
68	1.905086503836788718e-05	1.469033223475833041e-05	1.469033222355257410e-05	1.469033221771464176e-05	1.469033221574955921e-05	1.469033221199619020e-05
69	1.823158010478077623e-05	1.469033223428958746e-05	1.469033222530499718e-05	1.469033222297507889e-05	1.469033221752399159e-05	NaN
70	1.757155749988109354e-05	1.469033223421300043e-05	1.469033222415236491e-05	1.469033222112674797e-05	1.469033221889451631e-05	NaN
71	1.701455851206413222e-05	1.469033223426779160e-05	1.469033222610058812e-05	1.469033222320638835e-05	1.469033221294404717e-05	NaN
72	1.656994942310201303e-05	1.469033223377298714e-05	1.469033222363416540e-05	1.469033222051131586e-05	1.469033221597120909e-05	NaN
73	1.619894737473754731e-05	1.469033223408973003e-05	1.469033222469353764e-05	1.469033222018559611e-05	1.469033221748880414e-05	NaN
74	1.590487001000945143e-05	1.469033223294711647e-05	1.469033222436973050e-05	1.469033222122632686e-05	1.469033221789663187e-05	NaN
75	1.566169024727302603e-05	1.469033223358566073e-05	1.469033222236165086e-05	1.469033221956623715e-05	1.469033221830085971e-05	NaN
76	1.546983844056698542e-05	1.469033223233684278e-05	1.469033222145118023e-05	1.469033222129541595e-05	1.469033221556920726e-05	NaN
77	1.531230325530703035e-05	1.469033223309409362e-05	1.469033222204524339e-05	1.469033222201168564e-05	1.469033221682121174e-05	NaN
78	1.518835519877217348e-05	1.469033223344849221e-05	1.469033222225545834e-05	1.469033221949340079e-05	1.469033221489090497e-05	NaN
79	1.508713131529062307e-05	1.469033223336691616e-05	1.469033222249496029e-05	1.469033222093193209e-05	1.469033221400600795e-05	NaN
80	1.500757646351661806e-05	1.469033223250502456e-05	1.469033222380694656e-05	1.469033222066616872e-05	1.469033221833667396e-05	NaN
81	1.494288981801832198e-05	1.469033223191353807e-05	1.469033222371541957e-05	1.469033222207929243e-05	1.469033221977999947e-05	NaN
82	1.489204347314807950e-05	1.469033223212004300e-05	1.469033222257406300e-05	1.469033222200453838e-05	1.469033221979091942e-05	NaN
83	1.485085315852470991e-05	1.469033223226033538e-05	1.469033222216636064e-05	1.469033221794013549e-05	NaN	NaN
84	1.481843974957124617e-05	1.469033223187137446e-05	1.469033222463988658e-05	1.469033222127535143e-05	NaN	NaN
85	1.479227159946517082e-05	1.469033223177504987e-05	1.469033222329870986e-05	1.469033222279906884e-05	NaN	NaN
86	1.477163965864054053e-05	1.469033223102074671e-05	1.469033222236413944e-05	1.469033221905277086e-05	NaN	NaN
87	1.475504003206917520e-05	1.469033223101019267e-05	1.469033222324918553e-05	1.469033221947486093e-05	NaN	NaN
88	1.474191722200336129e-05	1.469033223082771637e-05	1.469033222112127783e-05	1.469033222158410849e-05	NaN	NaN
89	1.473139803169964101e-05	1.469033223132887696e-05	1.469033222258100359e-05	1.469033221947050887e-05	NaN	NaN
90	1.472305347359091962e-05	1.469033223087922105e-05	1.469033222013645126e-05	1.469033222191457840e-05	NaN	NaN
91	1.471639244349391004e-05	1.469033223076007401e-05	1.469033222156493167e-05	1.469033221860010968e-05	NaN	NaN
92	1.471108576864011349e-05	1.469033223051847650e-05	1.469033222092189814e-05	1.469033221976177979e-05	NaN	NaN
93	1.470687050207649692e-05	1.469033223045073419e-05	1.469033222016963632e-05	1.469033222158386794e-05	NaN	NaN
94	1.470349451575961282e-05	1.469033223063469111e-05	1.469033222116469166e-05	1.469033222075967777e-05	NaN	NaN
95	1.470082867076628186e-05	1.469033222999102569e-05	1.469033222327827603e-05	1.469033222169360614e-05	NaN	NaN
96	1.469867967996697880e-05	1.469033222937255103e-05	1.469033222019485418e-05	1.469033221987478923e-05	NaN	NaN
97	1.469699492983853274e-05	1.469033222956486817e-05	1.469033222034013219e-05	1.469033222114884706e-05	NaN	NaN
98	1.469562588862142514e-05	1.469033222934447358e-05	1.469033222290909503e-05	1.469033222257652956e-05	NaN	NaN
99	1.469456209754542477e-05	1.469033222947632951e-05	1.469033222147137518e-05	NaN	NaN	NaN
100	1.469368904212729495e-05	1.469033222922250592e-05	1.469033221980386208e-05	NaN	NaN	NaN
