1	7.838762289694454211e-01	4.271760496634407489e-01	2.946544765260033505e-01	2.268201591824226260e-01	1.842740409927706990e-01	1.554440323214547615e-01
2	2.053003436408553373e-01	8.246614679821127891e-02	4.949582328980326601e-02	3.532924870138738627e-02	2.746287366622108747e-02	2.265092150210536517e-02
3	9.679537342686971024e-02	3.389062801255381813e-02	2.024692255901257287e-02	1.470647928932167746e-02	9.349731860097553957e-03	5.191272151940495155e-03
4	6.097237728915954474e-02	2.041301495912166766e-02	1.067942256853405408e-02	4.180086610259270592e-03	1.746146885290808613e-03	7.346213770648453564e-04
5	4.274469549859950118e-02	1.470845160984574421e-02	4.100391355632724763e-03	1.201705474668207478e-03	3.648013181468698438e-04	1.095419131523546214e-04
6	3.415109941529686360e-02	8.802589337708763284e-03	1.739612312324751104e-03	3.703252139421893928e-04	7.743971267991061193e-05	1.465236419196747501e-05
7	2.855580975116471867e-02	5.167399941284913333e-03	7.640497903046004511e-04	1.159748383296397683e-04	1.537990577094848238e-05	1.852627999000951940e-06
8	2.497259233694807193e-02	3.187246405752775912e-03	3.528321314995274934e-04	3.572929791110513034e-05	2.974558730373224184e-06	2.283258658999677576e-07
9	2.189627246069396349e-02	2.011641826565878019e-03	1.626306519859154853e-04	1.030120328720385659e-05	5.722209836600644965e-07	2.743677539193785833e-08
10	2.018709644975359360e-02	1.286879957577846114e-03	7.512786530816569766e-05	3.129713248641189185e-06	1.083059186152126003e-07	3.239764335478662087e-09
11	1.783551610394926851e-02	8.314989858852297501e-04	3.444150391896409682e-05	9.305148430882721398e-07	2.027696265815035188e-08	NaN
12	1.562051513269174102e-02	5.526041500292039549e-04	1.536776310819856322e-05	2.744353617517130686e-07	3.763871077264661370e-09	NaN
13	1.310229192564351698e-02	3.680501684692298603e-04	6.867099827160893250e-06	8.053237047713336958e-08	NaN	NaN
14	1.101622929937767434e-02	2.379846581658454769e-04	3.146573210641651693e-06	2.353407475871280987e-08	NaN	NaN
15	9.161118292965076890e-03	1.631900713161045394e-04	1.427931591550920661e-06	6.852896936911735038e-09	NaN	NaN
16	7.912056485687216784e-03	1.091610067850042607e-04	6.458687459827693941e-07	NaN	NaN	NaN
17	6.747072515348243905e-03	7.286918791944039457e-05	2.916524868015558668e-07	NaN	NaN	NaN
18	5.830731456412601744e-03	4.861570914572248508e-05	1.315292302362752084e-07	NaN	NaN	NaN
19	4.988130002537834000e-03	3.238506716356270490e-05	5.925159633643934628e-08	NaN	NaN	NaN
20	4.333820519895685043e-03	2.143757132811938476e-05	2.666360098351808378e-08	NaN	NaN	NaN
21	3.731816262590398857e-03	1.396057680883300052e-05	1.198749244186946545e-08	NaN	NaN	NaN
22	3.258639429063155905e-03	9.156752282446618086e-06	5.384441510532625293e-09	NaN	NaN	NaN
23	2.820135498216426971e-03	6.166331507338104836e-06	NaN	NaN	NaN	NaN
24	2.471135807260620935e-03	4.126440232067915351e-06	NaN	NaN	NaN	NaN
25	2.146546913484346803e-03	2.753938787153559658e-06	NaN	NaN	NaN	NaN
26	1.885802334884583613e-03	1.835905860724988149e-06	NaN	NaN	NaN	NaN
27	1.643263783515720678e-03	1.223140405631437988e-06	NaN	NaN	NaN	NaN
28	1.446962455399640511e-03	8.146752809355877182e-07	NaN	NaN	NaN	NaN
29	1.264516015634712743e-03	5.424852436372770283e-07	NaN	NaN	NaN	NaN
30	1.120241941850372552e-03	3.612041896998346422e-07	NaN	NaN	NaN	NaN
31	9.877100961753597103e-04	2.404721602656663606e-07	NaN	NaN	NaN	NaN
32	8.792600111545708459e-04	1.600875032105597589e-07	NaN	NaN	NaN	NaN
33	7.764488730555620935e-04	1.065622652172860996e-07	NaN	NaN	NaN	NaN
34	6.917431831042350964e-04	7.092976012867643128e-08	NaN	NaN	NaN	NaN
35	6.115912356596220041e-04	4.720697425463906018e-08	NaN	NaN	NaN	NaN
36	5.451438670464150201e-04	3.141665624468842161e-08	NaN	NaN	NaN	NaN
37	4.823966335167869431e-04	2.090570424150173622e-08	NaN	NaN	NaN	NaN
38	4.300409488163446886e-04	1.391053307767728678e-08	NaN	NaN	NaN	NaN
39	3.806057014005491380e-04	9.254920521760804447e-09	NaN	NaN	NaN	NaN
40	3.387511460077190272e-04	NaN	NaN	NaN	NaN	NaN
41	2.980824444563420880e-04	NaN	NaN	NaN	NaN	NaN
42	2.605596346113627513e-04	NaN	NaN	NaN	NaN	NaN
43	2.341255093869146057e-04	NaN	NaN	NaN	NaN	NaN
44	2.107059094479810037e-04	NaN	NaN	NaN	NaN	NaN
45	1.875788954894773149e-04	NaN	NaN	NaN	NaN	NaN
46	1.676614976060935842e-04	NaN	NaN	NaN	NaN	NaN
47	1.489487347673019719e-04	NaN	NaN	NaN	NaN	NaN
48	1.329965666183893596e-04	NaN	NaN	NaN	NaN	NaN
49	1.181359443249639754e-04	NaN	NaN	NaN	NaN	NaN
50	1.054569836310634154e-04	NaN	NaN	NaN	NaN	NaN
51	9.368965852079078451e-05	NaN	NaN	NaN	NaN	NaN
52	8.362711652094754436e-05	NaN	NaN	NaN	NaN	NaN
53	7.431275712105156570e-05	NaN	NaN	NaN	NaN	NaN
54	6.632785666521149616e-05	NaN	NaN	NaN	NaN	NaN
55	5.895266604990906086e-05	NaN	NaN	NaN	NaN	NaN
56	5.261380689038411794e-05	NaN	NaN	NaN	NaN	NaN
57	4.676929507135601984e-05	NaN	NaN	NaN	NaN	NaN
58	4.173184729851205028e-05	NaN	NaN	NaN	NaN	NaN
59	3.709259062116003518e-05	NaN	NaN	NaN	NaN	NaN
60	3.307968654197797115e-05	NaN	NaN	NaN	NaN	NaN
61	2.938377340389030105e-05	NaN	NaN	NaN	NaN	NaN
62	2.617037892282287278e-05	NaN	NaN	NaN	NaN	NaN
63	2.320627480860882287e-05	NaN	NaN	NaN	NaN	NaN
64	2.061546807741479833e-05	NaN	NaN	NaN	NaN	NaN
65	1.823028246730497146e-05	NaN	NaN	NaN	NaN	NaN
66	1.615384734911394282e-05	NaN	NaN	NaN	NaN	NaN
67	1.426699942018941092e-05	NaN	NaN	NaN	NaN	NaN
68	1.264483542073984240e-05	NaN	NaN	NaN	NaN	NaN
69	1.120302335301500820e-05	NaN	NaN	NaN	NaN	NaN
70	1.005120706466847057e-05	NaN	NaN	NaN	NaN	NaN
71	8.979494563573879256e-06	NaN	NaN	NaN	NaN	NaN
72	8.040961038960972517e-06	NaN	NaN	NaN	NaN	NaN
73	7.174052977852999924e-06	NaN	NaN	NaN	NaN	NaN
74	6.416746278522766991e-06	NaN	NaN	NaN	NaN	NaN
75	5.720765871080360455e-06	NaN	NaN	NaN	NaN	NaN
76	5.113445842298209904e-06	NaN	NaN	NaN	NaN	NaN
77	4.557123853610321947e-06	NaN	NaN	NaN	NaN	NaN
78	4.071776970414719000e-06	NaN	NaN	NaN	NaN	NaN
79	3.628157731874188326e-06	NaN	NaN	NaN	NaN	NaN
80	3.241040222688305300e-06	NaN	NaN	NaN	NaN	NaN
81	2.887757290375274118e-06	NaN	NaN	NaN	NaN	NaN
82	2.579324410573922685e-06	NaN	NaN	NaN	NaN	NaN
83	2.298181120944447231e-06	NaN	NaN	NaN	NaN	NaN
84	2.052587415586632816e-06	NaN	NaN	NaN	NaN	NaN
85	1.828932904698983981e-06	NaN	NaN	NaN	NaN	NaN
86	1.633437616559115624e-06	NaN	NaN	NaN	NaN	NaN
87	1.455543449752528039e-06	NaN	NaN	NaN	NaN	NaN
88	1.299949779031780977e-06	NaN	NaN	NaN	NaN	NaN
89	1.158457467411614584e-06	NaN	NaN	NaN	NaN	NaN
90	1.034626643606855477e-06	NaN	NaN	NaN	NaN	NaN
91	9.220826394590122889e-07	NaN	NaN	NaN	NaN	NaN
92	8.235287748726480866e-07	NaN	NaN	NaN	NaN	NaN
93	7.340030094176170921e-07	NaN	NaN	NaN	NaN	NaN
94	6.555621482955218924e-07	NaN	NaN	NaN	NaN	NaN
95	5.843392443158890930e-07	NaN	NaN	NaN	NaN	NaN
96	5.219020191333372265e-07	NaN	NaN	NaN	NaN	NaN
97	4.652335282880557657e-07	NaN	NaN	NaN	NaN	NaN
98	4.155306164472100237e-07	NaN	NaN	NaN	NaN	NaN
99	3.704369810591226161e-07	NaN	NaN	NaN	NaN	NaN
100	3.308676491370911633e-07	NaN	NaN	NaN	NaN	NaN
