1	7.838762290200401717e-01	4.271760496685231834e-01	2.946544765463471327e-01	2.268201592025549940e-01	1.842740410181000488e-01	1.554440323131500712e-01
2	2.053003416884382759e-01	8.246614513535592550e-02	4.949582197683759927e-02	3.532924610186214537e-02	2.746286103862605882e-02	2.265091864538163260e-02
3	9.679537451868558406e-02	3.389062442707920647e-02	2.024692009031221762e-02	1.470647448301109529e-02	9.349729909257342361e-03	5.191269582911812661e-03
4	6.097237767142732467e-02	2.041301521700470203e-02	1.067942377745779645e-02	4.180085659378584770e-03	1.746145099224794776e-03	7.346196135284068385e-04
5	4.274469437690162771e-02	1.470845185196521972e-02	4.100391078965560758e-03	1.201705128422911155e-03	3.648009897181035102e-04	1.095416427451544229e-04
6	3.415110372103743325e-02	8.802589051627866465e-03	1.739612139139974905e-03	3.703251057713040579e-04	7.743963135804200705e-05	1.465230270680002999e-05
7	2.855580874641365854e-02	5.167399636312669693e-03	7.640496810774529421e-04	1.159747970770360319e-04	1.537988169810947076e-05	1.852619844893001047e-06
8	2.497259152366783017e-02	3.187246397545349420e-03	3.528321133184389143e-04	3.572927366312426240e-05	2.974553702044082400e-06	2.283244457182044239e-07
9	2.189627441366506083e-02	2.011641698434469324e-03	1.626306125772469910e-04	1.030119952717990580e-05	5.722196348143505719e-07	2.743656847521817760e-08
10	2.018709464296788644e-02	1.286879850796176670e-03	7.512785677338844261e-05	3.129710276180262038e-06	1.083056696734784052e-07	3.239737221602422808e-09
11	1.783551860619361079e-02	8.314989696364326289e-04	3.444149630308825777e-05	9.305142734243029713e-07	2.027689833944964882e-08	NaN
12	1.562051531060225720e-02	5.526041228985927208e-04	1.536775807262860688e-05	2.744350967000554324e-07	3.763861229775491360e-09	NaN
13	1.310229241476428864e-02	3.680501587270591400e-04	6.867099770221971424e-06	8.053228746640411244e-08	NaN	NaN
14	1.101622930139567295e-02	2.379846498829199975e-04	3.146572267608976835e-06	2.353404696668079362e-08	NaN	NaN
15	9.161118260880408634e-03	1.631900663457163704e-04	1.427931465589374441e-06	6.852890778735329828e-09	NaN	NaN
16	7.912056296768605126e-03	1.091610016081734407e-04	6.458685561313807414e-07	NaN	NaN	NaN
17	6.747072393208264351e-03	7.286918438243339001e-05	2.916524572143023665e-07	NaN	NaN	NaN
18	5.830731326632351830e-03	4.861570667031241719e-05	1.315291895014526204e-07	NaN	NaN	NaN
19	4.988129868690677551e-03	3.238506547914051089e-05	5.925158872596092426e-08	NaN	NaN	NaN
20	4.333820390379448766e-03	2.143757029575097674e-05	2.666359423830717034e-08	NaN	NaN	NaN
21	3.731816172363452717e-03	1.396057522704792833e-05	1.198749137960143117e-08	NaN	NaN	NaN
22	3.258639365120115806e-03	9.156752430444698823e-06	5.384439398582321498e-09	NaN	NaN	NaN
23	2.820135458235076709e-03	6.166331664250334899e-06	NaN	NaN	NaN	NaN
24	2.471135752955649391e-03	4.126439981265523733e-06	NaN	NaN	NaN	NaN
25	2.146546906359804961e-03	2.753938796713040516e-06	NaN	NaN	NaN	NaN
26	1.885802316673835383e-03	1.835905782326543780e-06	NaN	NaN	NaN	NaN
27	1.643263796921154776e-03	1.223140375998988133e-06	NaN	NaN	NaN	NaN
28	1.446962454332079975e-03	8.146752530097938438e-07	NaN	NaN	NaN	NaN
29	1.264516032854861661e-03	5.424852192145978656e-07	NaN	NaN	NaN	NaN
30	1.120241939521903320e-03	3.612041705805915514e-07	NaN	NaN	NaN	NaN
31	9.877100937047630664e-04	2.404721516157033816e-07	NaN	NaN	NaN	NaN
32	8.792600092204345096e-04	1.600874943283890767e-07	NaN	NaN	NaN	NaN
33	7.764488698288069674e-04	1.065622582616873957e-07	NaN	NaN	NaN	NaN
34	6.917431782903669338e-04	7.092976125120601083e-08	NaN	NaN	NaN	NaN
35	6.115912345242311777e-04	4.720697114026661903e-08	NaN	NaN	NaN	NaN
36	5.451438688332427588e-04	3.141665547929220541e-08	NaN	NaN	NaN	NaN
37	4.823966314071807251e-04	2.090570232876217977e-08	NaN	NaN	NaN	NaN
38	4.300409499184000388e-04	1.391053263727593265e-08	NaN	NaN	NaN	NaN
39	3.806057027510388992e-04	9.254919935683857041e-09	NaN	NaN	NaN	NaN
40	3.387511478395692369e-04	NaN	NaN	NaN	NaN	NaN
41	2.980824472698034660e-04	NaN	NaN	NaN	NaN	NaN
42	2.605596321314062984e-04	NaN	NaN	NaN	NaN	NaN
43	2.341255098359618179e-04	NaN	NaN	NaN	NaN	NaN
44	2.107059121883810601e-04	NaN	NaN	NaN	NaN	NaN
45	1.875788964761158472e-04	NaN	NaN	NaN	NaN	NaN
46	1.676614990906338039e-04	NaN	NaN	NaN	NaN	NaN
47	1.489487348938826027e-04	NaN	NaN	NaN	NaN	NaN
48	1.329965672207289353e-04	NaN	NaN	NaN	NaN	NaN
49	1.181359441332278899e-04	NaN	NaN	NaN	NaN	NaN
50	1.054569841143209737e-04	NaN	NaN	NaN	NaN	NaN
51	9.368965857675061926e-05	NaN	NaN	NaN	NaN	NaN
52	8.362711700553967424e-05	NaN	NaN	NaN	NaN	NaN
53	7.431275683921116453e-05	NaN	NaN	NaN	NaN	NaN
54	6.632785702050823437e-05	NaN	NaN	NaN	NaN	NaN
55	5.895266597541608424e-05	NaN	NaN	NaN	NaN	NaN
56	5.261380690290178767e-05	NaN	NaN	NaN	NaN	NaN
57	4.676929483291837971e-05	NaN	NaN	NaN	NaN	NaN
58	4.173184724330717261e-05	NaN	NaN	NaN	NaN	NaN
59	3.709259045604595799e-05	NaN	NaN	NaN	NaN	NaN
60	3.307968637383871239e-05	NaN	NaN	NaN	NaN	NaN
61	2.938377315237141951e-05	NaN	NaN	NaN	NaN	NaN
62	2.617037881798518477e-05	NaN	NaN	NaN	NaN	NaN
63	2.320627440891137312e-05	NaN	NaN	NaN	NaN	NaN
64	2.061546755744466706e-05	NaN	NaN	NaN	NaN	NaN
65	1.823028166860059355e-05	NaN	NaN	NaN	NaN	NaN
66	1.615384652997243188e-05	NaN	NaN	NaN	NaN	NaN
67	1.426699834267390795e-05	NaN	NaN	NaN	NaN	NaN
68	1.264483448931846459e-05	NaN	NaN	NaN	NaN	NaN
69	1.120302385041777957e-05	NaN	NaN	NaN	NaN	NaN
70	1.005120754663876582e-05	NaN	NaN	NaN	NaN	NaN
71	8.979494972632445763e-06	NaN	NaN	NaN	NaN	NaN
72	8.040961407804273078e-06	NaN	NaN	NaN	NaN	NaN
73	7.174053280454553866e-06	NaN	NaN	NaN	NaN	NaN
74	6.416746517775223169e-06	NaN	NaN	NaN	NaN	NaN
75	5.720766108055918379e-06	NaN	NaN	NaN	NaN	NaN
76	5.113446043771710838e-06	NaN	NaN	NaN	NaN	NaN
77	4.557124035128245029e-06	NaN	NaN	NaN	NaN	NaN
78	4.071777161425071812e-06	NaN	NaN	NaN	NaN	NaN
79	3.628157865319346445e-06	NaN	NaN	NaN	NaN	NaN
80	3.241040364363847092e-06	NaN	NaN	NaN	NaN	NaN
81	2.887757404361480388e-06	NaN	NaN	NaN	NaN	NaN
82	2.579324521661861307e-06	NaN	NaN	NaN	NaN	NaN
83	2.298181209551092124e-06	NaN	NaN	NaN	NaN	NaN
84	2.052587498399521528e-06	NaN	NaN	NaN	NaN	NaN
85	1.828932981084139879e-06	NaN	NaN	NaN	NaN	NaN
86	1.633437685022427646e-06	NaN	NaN	NaN	NaN	NaN
87	1.455543512080471681e-06	NaN	NaN	NaN	NaN	NaN
88	1.299949838436333338e-06	NaN	NaN	NaN	NaN	NaN
89	1.158457517538124430e-06	NaN	NaN	NaN	NaN	NaN
90	1.034626688436697415e-06	NaN	NaN	NaN	NaN	NaN
91	9.220826863146902213e-07	NaN	NaN	NaN	NaN	NaN
92	8.235288176571363792e-07	NaN	NaN	NaN	NaN	NaN
93	7.340030441324324489e-07	NaN	NaN	NaN	NaN	NaN
94	6.555621817030085990e-07	NaN	NaN	NaN	NaN	NaN
95	5.843392741146649844e-07	NaN	NaN	NaN	NaN	NaN
96	5.219020456111895815e-07	NaN	NaN	NaN	NaN	NaN
97	4.652335515293827356e-07	NaN	NaN	NaN	NaN	NaN
98	4.155306373537203736e-07	NaN	NaN	NaN	NaN	NaN
99	3.704370004870066723e-07	NaN	NaN	NaN	NaN	NaN
100	3.308676675094686174e-07	NaN	NaN	NaN	NaN	NaN
