1	7.838762290167478053e-01	4.271760496623969172e-01	2.946544765369965013e-01	2.268201592090604013e-01	1.842740409957156211e-01	1.554440323378421807e-01
2	2.054751062355545943e-01	8.287576786117646643e-02	5.024091493226331279e-02	3.694694321432555328e-02	3.075861069040663337e-02	2.943113561835606143e-02
3	9.699690699528266957e-02	3.448848696820580595e-02	2.186385900845273095e-02	1.774497549150444442e-02	1.402210909168655206e-02	1.261428260470273330e-02
4	6.113888742873434257e-02	2.097417845805863573e-02	1.195256204837681462e-02	7.426178730067988128e-03	5.154441086318504485e-03	3.166094628427242475e-03
5	4.290485255716616070e-02	1.513883847464806039e-02	5.398243553850603019e-03	2.353260949642201495e-03	1.119449354267131914e-03	5.411612279917084843e-04
6	3.427765962621098783e-02	9.236609309437579518e-03	2.351745443738644924e-03	7.535019260061749050e-04	2.639988323601640723e-04	8.925065566715122947e-05
7	2.867037624022860873e-02	5.506730628043885606e-03	1.055309772525151639e-03	2.499479648345732767e-04	5.962511191373632717e-05	1.324547418760341624e-05
8	2.508310076554012488e-02	3.421530213263089364e-03	4.944058856708228753e-04	8.213465161094998161e-05	1.265468397742495807e-05	1.900050035354864180e-06
9	2.199870278204806018e-02	2.170542787824946904e-03	2.326735267529140194e-04	2.556425178603000825e-05	2.693067746926780030e-06	2.606118520509308706e-07
10	2.028473191341477119e-02	1.395132785718839483e-03	1.100774425546826484e-04	8.065206966914081058e-06	5.548789036235891438e-07	3.462644670526031642e-08
11	1.792668846303883262e-02	9.053604689523894180e-04	5.176026622294554991e-05	2.546858996925890061e-06	1.119875350775361691e-07	4.511262022023715871e-09
12	1.571311449324971563e-02	6.037643384739108067e-04	2.379400889770909357e-05	7.901794766063190519e-07	2.227054131613886854e-08	NaN
13	1.318846346603095437e-02	4.038300299260903477e-04	1.079092541580571454e-05	2.425469717174677522e-07	4.380848540264767624e-09	NaN
14	1.109645027668851487e-02	2.629197585735465557e-04	5.072398234712951097e-06	7.386425247866663642e-08	NaN	NaN
15	9.223268783566617585e-03	1.803016503539217109e-04	2.360541451072081031e-06	2.235165376284588517e-08	NaN	NaN
16	7.974772265553223272e-03	1.213309739074277182e-04	1.093047829478301847e-06	6.732691538302177957e-09	NaN	NaN
17	6.803892603518393867e-03	8.142105474121205688e-05	5.041913705748733306e-07	NaN	NaN	NaN
18	5.881918981040283601e-03	5.460846485284087486e-05	2.320739183011798337e-07	NaN	NaN	NaN
19	5.034156847773333873e-03	3.657389671342405860e-05	1.065381925941471109e-07	NaN	NaN	NaN
20	4.375339942297005839e-03	2.435398436864984382e-05	4.883714662145618455e-08	NaN	NaN	NaN
21	3.769141421814584288e-03	1.597205119649736793e-05	2.235619670420680234e-08	NaN	NaN	NaN
22	3.292348069915207367e-03	1.051290672073104829e-05	1.021616692935277260e-08	NaN	NaN	NaN
23	2.850484986964965401e-03	7.116858227549878308e-06	4.666384043116703612e-09	NaN	NaN	NaN
24	2.498545663119188052e-03	4.789576450492679014e-06	NaN	NaN	NaN	NaN
25	2.171236716148905802e-03	3.215029960823462533e-06	NaN	NaN	NaN	NaN
26	1.908117967989870090e-03	2.155722264379052157e-06	NaN	NaN	NaN	NaN
27	1.663404438599838144e-03	1.444445896571575010e-06	NaN	NaN	NaN	NaN
28	1.465164608090957282e-03	9.676805366404720837e-07	NaN	NaN	NaN	NaN
29	1.280950681598568919e-03	6.479268434421291113e-07	NaN	NaN	NaN	NaN
30	1.135367143934797214e-03	4.338427999145697044e-07	NaN	NaN	NaN	NaN
31	1.001420989447471483e-03	2.904766868362078002e-07	NaN	NaN	NaN	NaN
32	8.917682891549038281e-04	1.944842069458977221e-07	NaN	NaN	NaN	NaN
33	7.877829965997722172e-04	1.301508299531051895e-07	NaN	NaN	NaN	NaN
34	7.020894020498839785e-04	8.709281624703168510e-08	NaN	NaN	NaN	NaN
35	6.209727399390299867e-04	5.828925987472138876e-08	NaN	NaN	NaN	NaN
36	5.537065465048789494e-04	3.899690857740598083e-08	NaN	NaN	NaN	NaN
37	4.901573139425144171e-04	2.609098176149468557e-08	NaN	NaN	NaN	NaN
38	4.371241735057640617e-04	1.745040481813662720e-08	NaN	NaN	NaN	NaN
39	3.870231464051726643e-04	1.167306569035548844e-08	NaN	NaN	NaN	NaN
40	3.445951570643555569e-04	7.806304589038690597e-09	NaN	NaN	NaN	NaN
41	3.033501779022591415e-04	NaN	NaN	NaN	NaN	NaN
42	2.653434245709826705e-04	NaN	NaN	NaN	NaN	NaN
43	2.384686047394346433e-04	NaN	NaN	NaN	NaN	NaN
44	2.146719079086150067e-04	NaN	NaN	NaN	NaN	NaN
45	1.911822111169147488e-04	NaN	NaN	NaN	NaN	NaN
46	1.709522969479305315e-04	NaN	NaN	NaN	NaN	NaN
47	1.519330754503538745e-04	NaN	NaN	NaN	NaN	NaN
48	1.357161616680756548e-04	NaN	NaN	NaN	NaN	NaN
49	1.206007325140759980e-04	NaN	NaN	NaN	NaN	NaN
50	1.077021539895987889e-04	NaN	NaN	NaN	NaN	NaN
51	9.572277675744536791e-05	NaN	NaN	NaN	NaN	NaN
52	8.547779608980938463e-05	NaN	NaN	NaN	NaN	NaN
53	7.598914318248665338e-05	NaN	NaN	NaN	NaN	NaN
54	6.785256463464586947e-05	NaN	NaN	NaN	NaN	NaN
55	6.033276178515622763e-05	NaN	NaN	NaN	NaN	NaN
56	5.386867737945774844e-05	NaN	NaN	NaN	NaN	NaN
57	4.790469041042975522e-05	NaN	NaN	NaN	NaN	NaN
58	4.276410636115597256e-05	NaN	NaN	NaN	NaN	NaN
59	3.802573263734859780e-05	NaN	NaN	NaN	NaN	NaN
60	3.392684030087530291e-05	NaN	NaN	NaN	NaN	NaN
61	3.014915647978007700e-05	NaN	NaN	NaN	NaN	NaN
62	2.686474414047413693e-05	NaN	NaN	NaN	NaN	NaN
63	2.383302034158082353e-05	NaN	NaN	NaN	NaN	NaN
64	2.118322622826161519e-05	NaN	NaN	NaN	NaN	NaN
65	1.874161273984778172e-05	NaN	NaN	NaN	NaN	NaN
66	1.661623562745206403e-05	NaN	NaN	NaN	NaN	NaN
67	1.468334471087029784e-05	NaN	NaN	NaN	NaN	NaN
68	1.302117183954992340e-05	NaN	NaN	NaN	NaN	NaN
69	1.154705967172660168e-05	NaN	NaN	NaN	NaN	NaN
70	1.036424690821752751e-05	NaN	NaN	NaN	NaN	NaN
71	9.263011479737871476e-06	NaN	NaN	NaN	NaN	NaN
72	8.298610813272778270e-06	NaN	NaN	NaN	NaN	NaN
73	7.407290254744977136e-06	NaN	NaN	NaN	NaN	NaN
74	6.628469777850356804e-06	NaN	NaN	NaN	NaN	NaN
75	5.912281410196445819e-06	NaN	NaN	NaN	NaN	NaN
76	5.287162152314107658e-06	NaN	NaN	NaN	NaN	NaN
77	4.714223852431745637e-06	NaN	NaN	NaN	NaN	NaN
78	4.214226089128014960e-06	NaN	NaN	NaN	NaN	NaN
79	3.756859701738545615e-06	NaN	NaN	NaN	NaN	NaN
80	3.357706466705794869e-06	NaN	NaN	NaN	NaN	NaN
81	2.993183467792733314e-06	NaN	NaN	NaN	NaN	NaN
82	2.674876837364112090e-06	NaN	NaN	NaN	NaN	NaN
83	2.384516005231239711e-06	NaN	NaN	NaN	NaN	NaN
84	2.130809725002264981e-06	NaN	NaN	NaN	NaN	NaN
85	1.899565590599574071e-06	NaN	NaN	NaN	NaN	NaN
86	1.697442897256805684e-06	NaN	NaN	NaN	NaN	NaN
87	1.513345799613552117e-06	NaN	NaN	NaN	NaN	NaN
88	1.352307231546375881e-06	NaN	NaN	NaN	NaN	NaN
89	1.205722998393118098e-06	NaN	NaN	NaN	NaN	NaN
90	1.077433056579134109e-06	NaN	NaN	NaN	NaN	NaN
91	9.607283847556578008e-07	NaN	NaN	NaN	NaN	NaN
92	8.585266549495056542e-07	NaN	NaN	NaN	NaN	NaN
93	7.655950442871697339e-07	NaN	NaN	NaN	NaN	NaN
94	6.841562366594532769e-07	NaN	NaN	NaN	NaN	NaN
95	6.101419827267896581e-07	NaN	NaN	NaN	NaN	NaN
96	5.452577114203214737e-07	NaN	NaN	NaN	NaN	NaN
97	4.863100082494934431e-07	NaN	NaN	NaN	NaN	NaN
98	4.346071691874024921e-07	NaN	NaN	NaN	NaN	NaN
99	3.876449743128440880e-07	NaN	NaN	NaN	NaN	NaN
100	3.464383641868261051e-07	NaN	NaN	NaN	NaN	NaN
