# iter  max_residual  sin_angle  delta_norm  eq5_lhs  eq5_rhs  eq5_angle  eq5_ok
0  1.12179022e+01  9.99986840e-01  -1.00000000e+00  0.00000000e+00  0.00000000e+00  -1.00000000e+00  0
1  2.68055760e+01  9.99228875e-01  0.00000000e+00  3.54009995e-02  0.00000000e+00  9.99228875e-01  1
2  2.64231343e+01  9.88936847e-01  0.00000000e+00  3.54009995e-02  0.00000000e+00  9.88936847e-01  1
3  1.99556287e+01  8.84052946e-01  0.00000000e+00  3.54009995e-02  0.00000000e+00  8.84052946e-01  1
4  2.35801374e+01  4.83873269e-01  0.00000000e+00  3.54009995e-02  0.00000000e+00  4.83873269e-01  1
5  9.48404985e+00  1.62160422e-01  0.00000000e+00  3.54009995e-02  0.00000000e+00  1.62160422e-01  1
6  2.94405361e+00  4.93137212e-02  0.00000000e+00  3.54009995e-02  0.00000000e+00  4.93137212e-02  1
7  8.95317520e-01  1.49452316e-02  0.00000000e+00  3.54009995e-02  0.00000000e+00  1.49452316e-02  1
8  2.73067708e-01  4.55011964e-03  0.00000000e+00  3.54009995e-02  0.00000000e+00  4.55011964e-03  1
9  8.36102751e-02  1.39106297e-03  0.00000000e+00  3.54009995e-02  0.00000000e+00  1.39106297e-03  1
10  2.56823841e-02  4.26685448e-04  0.00000000e+00  3.54009995e-02  0.00000000e+00  4.26685448e-04  1
11  7.90890126e-03  1.31225594e-04  0.00000000e+00  3.54009995e-02  0.00000000e+00  1.31225594e-04  1
12  2.44055734e-03  4.04449223e-05  0.00000000e+00  3.54009995e-02  0.00000000e+00  4.04449223e-05  1
13  7.54385056e-04  1.24876738e-05  0.00000000e+00  3.54009995e-02  0.00000000e+00  1.24876738e-05  1
14  2.33509876e-04  3.86141101e-06  0.00000000e+00  3.54009995e-02  0.00000000e+00  3.86141101e-06  1
15  7.23652383e-05  1.19552785e-06  0.00000000e+00  3.54009995e-02  0.00000000e+00  1.19552785e-06  1
16  2.24487482e-05  3.70548556e-07  0.00000000e+00  3.54009995e-02  0.00000000e+00  3.70548556e-07  1
17  6.96998358e-06  1.14958259e-07  0.00000000e+00  3.54009995e-02  0.00000000e+00  1.14958259e-07  1
18  2.16571142e-06  3.56939373e-08  0.00000000e+00  3.54009995e-02  0.00000000e+00  3.56939373e-08  1
19  6.73378519e-07  1.10908910e-08  0.00000000e+00  3.54009995e-02  0.00000000e+00  1.10908910e-08  1
20  2.09495807e-07  3.44843582e-09  0.00000000e+00  3.54009995e-02  0.00000000e+00  3.44843582e-09  1
21  6.52111479e-08  1.07283165e-09  0.00000000e+00  3.54009995e-02  0.00000000e+00  1.07283165e-09  1
22  2.03084168e-08  3.33944507e-10  0.00000000e+00  3.54009995e-02  0.00000000e+00  3.33944507e-10  1
23  6.32729627e-09  1.03995884e-10  0.00000000e+00  3.54009995e-02  0.00000000e+00  1.03995884e-10  1
24  1.97212042e-09  3.24027604e-11  0.00000000e+00  3.54009995e-02  0.00000000e+00  3.24027604e-11  1
25  6.14893440e-10  1.00975924e-11  0.00000000e+00  3.54009995e-02  0.00000000e+00  1.00975924e-11  1
26  1.91777878e-10  3.15024121e-12  0.00000000e+00  3.54009995e-02  0.00000000e+00  3.15024121e-12  1
27  5.98256255e-11  9.81048827e-13  0.00000000e+00  3.54009995e-02  0.00000000e+00  9.81048827e-13  1
28  1.86719892e-11  3.08775306e-13  0.00000000e+00  3.54009995e-02  0.00000000e+00  3.08775306e-13  1
29  5.83795036e-12  9.78582240e-14  0.00000000e+00  3.54009995e-02  0.00000000e+00  9.78582240e-14  1
30  1.83619879e-12  4.37581304e-14  0.00000000e+00  3.54009995e-02  0.00000000e+00  4.37581304e-14  1
31  6.13547842e-13  3.46620106e-14  0.00000000e+00  3.54009995e-02  0.00000000e+00  3.46620106e-14  1
32  2.97521629e-13  3.60845478e-14  0.00000000e+00  3.54009995e-02  0.00000000e+00  3.60845478e-14  1
33  2.69798411e-13  3.51256695e-14  0.00000000e+00  3.54009995e-02  0.00000000e+00  3.51256695e-14  1
34  2.67745690e-13  3.51891155e-14  0.00000000e+00  3.54009995e-02  0.00000000e+00  3.51891155e-14  1
35  3.03590365e-13  3.53532074e-14  0.00000000e+00  3.54009995e-02  0.00000000e+00  3.53532074e-14  1
36  2.85124910e-13  3.51318622e-14  0.00000000e+00  3.54009995e-02  0.00000000e+00  3.51318622e-14  1
37  2.94503529e-13  3.51106374e-14  0.00000000e+00  3.54009995e-02  0.00000000e+00  3.51106374e-14  1
38  2.63074644e-13  3.54842258e-14  0.00000000e+00  3.54009995e-02  0.00000000e+00  3.54842258e-14  1
39  2.88811193e-13  3.53658154e-14  0.00000000e+00  3.54009995e-02  0.00000000e+00  3.53658154e-14  1
40  2.84957414e-13  3.48081283e-14  0.00000000e+00  3.54009995e-02  0.00000000e+00  3.48081283e-14  1
41  2.72884684e-13  3.61015766e-14  0.00000000e+00  3.54009995e-02  0.00000000e+00  3.61015766e-14  1
42  2.74510506e-13  3.52120951e-14  0.00000000e+00  3.54009995e-02  0.00000000e+00  3.52120951e-14  1
43  2.60408048e-13  3.53974517e-14  0.00000000e+00  3.54009995e-02  0.00000000e+00  3.53974517e-14  1
44  2.76256831e-13  3.55278611e-14  0.00000000e+00  3.54009995e-02  0.00000000e+00  3.55278611e-14  1
45  2.76683842e-13  3.55868310e-14  0.00000000e+00  3.54009995e-02  0.00000000e+00  3.55868310e-14  1
46  2.53028019e-13  3.47967612e-14  0.00000000e+00  3.54009995e-02  0.00000000e+00  3.47967612e-14  1
47  2.91062874e-13  3.52867512e-14  0.00000000e+00  3.54009995e-02  0.00000000e+00  3.52867512e-14  1
48  2.77002252e-13  3.55245736e-14  0.00000000e+00  3.54009995e-02  0.00000000e+00  3.55245736e-14  1
49  2.77747652e-13  3.52775060e-14  0.00000000e+00  3.54009995e-02  0.00000000e+00  3.52775060e-14  1
50  2.65576971e-13  3.48747322e-14  0.00000000e+00  3.54009995e-02  0.00000000e+00  3.48747322e-14  1
51  2.71094370e-13  3.57863003e-14  0.00000000e+00  3.54009995e-02  0.00000000e+00  3.57863003e-14  1
52  2.67692333e-13  3.48949280e-14  0.00000000e+00  3.54009995e-02  0.00000000e+00  3.48949280e-14  1
53  2.77771054e-13  3.54997258e-14  0.00000000e+00  3.54009995e-02  0.00000000e+00  3.54997258e-14  1
54  2.83926847e-13  3.53334674e-14  0.00000000e+00  3.54009995e-02  0.00000000e+00  3.53334674e-14  1
55  2.74298630e-13  3.59608174e-14  0.00000000e+00  3.54009995e-02  0.00000000e+00  3.59608174e-14  1
56  2.79624448e-13  3.48458898e-14  0.00000000e+00  3.54009995e-02  0.00000000e+00  3.48458898e-14  1
57  2.64059640e-13  3.53575232e-14  0.00000000e+00  3.54009995e-02  0.00000000e+00  3.53575232e-14  1
58  2.66908685e-13  3.55672888e-14  0.00000000e+00  3.54009995e-02  0.00000000e+00  3.55672888e-14  1
59  2.62441088e-13  3.54408634e-14  0.00000000e+00  3.54009995e-02  0.00000000e+00  3.54408634e-14  1
60  2.84556125e-13  3.52895025e-14  0.00000000e+00  3.54009995e-02  0.00000000e+00  3.52895025e-14  1
61  2.84426564e-13  3.53554772e-14  0.00000000e+00  3.54009995e-02  0.00000000e+00  3.53554772e-14  1
62  2.73301148e-13  3.48927957e-14  0.00000000e+00  3.54009995e-02  0.00000000e+00  3.48927957e-14  1
63  2.76937805e-13  3.54477123e-14  0.00000000e+00  3.54009995e-02  0.00000000e+00  3.54477123e-14  1
64  2.69309433e-13  3.57607292e-14  0.00000000e+00  3.54009995e-02  0.00000000e+00  3.57607292e-14  1
65  2.60527353e-13  3.51585899e-14  0.00000000e+00  3.54009995e-02  0.00000000e+00  3.51585899e-14  1
66  2.92105850e-13  3.51979211e-14  0.00000000e+00  3.54009995e-02  0.00000000e+00  3.51979211e-14  1
67  2.62942517e-13  3.56836748e-14  0.00000000e+00  3.54009995e-02  0.00000000e+00  3.56836748e-14  1
68  2.69063374e-13  3.54907034e-14  0.00000000e+00  3.54009995e-02  0.00000000e+00  3.54907034e-14  1
69  2.72850828e-13  3.50886007e-14  0.00000000e+00  3.54009995e-02  0.00000000e+00  3.50886007e-14  1
70  2.74046250e-13  3.53653427e-14  0.00000000e+00  3.54009995e-02  0.00000000e+00  3.53653427e-14  1
71  2.81125871e-13  3.54762071e-14  0.00000000e+00  3.54009995e-02  0.00000000e+00  3.54762071e-14  1
72  2.76387960e-13  3.55086221e-14  0.00000000e+00  3.54009995e-02  0.00000000e+00  3.55086221e-14  1
73  2.74109161e-13  3.55128723e-14  0.00000000e+00  3.54009995e-02  0.00000000e+00  3.55128723e-14  1
74  2.65619408e-13  3.52787237e-14  0.00000000e+00  3.54009995e-02  0.00000000e+00  3.52787237e-14  1
75  2.85436013e-13  3.51506623e-14  0.00000000e+00  3.54009995e-02  0.00000000e+00  3.51506623e-14  1
76  2.63618241e-13  3.51864031e-14  0.00000000e+00  3.54009995e-02  0.00000000e+00  3.51864031e-14  1
77  2.64116085e-13  3.52575788e-14  0.00000000e+00  3.54009995e-02  0.00000000e+00  3.52575788e-14  1
78  2.72115840e-13  3.49692288e-14  0.00000000e+00  3.54009995e-02  0.00000000e+00  3.49692288e-14  1
79  2.58535459e-13  3.54295985e-14  0.00000000e+00  3.54009995e-02  0.00000000e+00  3.54295985e-14  1
80  2.99078187e-13  3.54503219e-14  0.00000000e+00  3.54009995e-02  0.00000000e+00  3.54503219e-14  1
81  2.73841655e-13  3.52167088e-14  0.00000000e+00  3.54009995e-02  0.00000000e+00  3.52167088e-14  1
82  2.75137304e-13  3.52173155e-14  0.00000000e+00  3.54009995e-02  0.00000000e+00  3.52173155e-14  1
83  2.66670605e-13  3.53330305e-14  0.00000000e+00  3.54009995e-02  0.00000000e+00  3.53330305e-14  1
84  2.69625633e-13  3.56068562e-14  0.00000000e+00  3.54009995e-02  0.00000000e+00  3.56068562e-14  1
85  2.59942242e-13  3.54776754e-14  0.00000000e+00  3.54009995e-02  0.00000000e+00  3.54776754e-14  1
86  2.92666480e-13  3.57495855e-14  0.00000000e+00  3.54009995e-02  0.00000000e+00  3.57495855e-14  1
87  2.84918239e-13  3.49337530e-14  0.00000000e+00  3.54009995e-02  0.00000000e+00  3.49337530e-14  1
88  2.70760608e-13  3.55634926e-14  0.00000000e+00  3.54009995e-02  0.00000000e+00  3.55634926e-14  1
89  2.71661463e-13  3.53401439e-14  0.00000000e+00  3.54009995e-02  0.00000000e+00  3.53401439e-14  1
90  2.78884558e-13  3.53131194e-14  0.00000000e+00  3.54009995e-02  0.00000000e+00  3.53131194e-14  1
91  2.84784127e-13  3.55984869e-14  0.00000000e+00  3.54009995e-02  0.00000000e+00  3.55984869e-14  1
92  2.77236335e-13  3.51188778e-14  0.00000000e+00  3.54009995e-02  0.00000000e+00  3.51188778e-14  1
93  2.60932998e-13  3.49199143e-14  0.00000000e+00  3.54009995e-02  0.00000000e+00  3.49199143e-14  1
94  2.64402402e-13  3.54539442e-14  0.00000000e+00  3.54009995e-02  0.00000000e+00  3.54539442e-14  1
95  2.64143566e-13  3.51164849e-14  0.00000000e+00  3.54009995e-02  0.00000000e+00  3.51164849e-14  1
96  2.77599443e-13  3.57464686e-14  0.00000000e+00  3.54009995e-02  0.00000000e+00  3.57464686e-14  1
97  2.73249997e-13  3.50350955e-14  0.00000000e+00  3.54009995e-02  0.00000000e+00  3.50350955e-14  1
98  2.71282697e-13  3.53765708e-14  0.00000000e+00  3.54009995e-02  0.00000000e+00  3.53765708e-14  1
99  2.77887805e-13  3.45460110e-14  0.00000000e+00  3.54009995e-02  0.00000000e+00  3.45460110e-14  1
100  3.03243440e-13  3.55896309e-14  0.00000000e+00  3.54009995e-02  0.00000000e+00  3.55896309e-14  1
