# iter  max_residual  sin_angle  delta_norm  eq5_lhs  eq5_rhs  eq5_angle  eq5_ok
0  5.90364211e+01  9.99961631e-01  -1.00000000e+00  0.00000000e+00  0.00000000e+00  -1.00000000e+00  0
1  6.41714805e+01  9.99708404e-01  7.08986642e-06  7.93846538e-02  8.16439780e-04  9.99708404e-01  1
2  6.79000040e+01  9.99116961e-01  1.25150356e-05  7.93846538e-02  5.30791388e-04  9.99116961e-01  1
3  7.05075060e+01  9.97960986e-01  2.37582005e-05  7.93846538e-02  5.89242635e-04  9.97960986e-01  1
4  6.34809858e+01  9.95728200e-01  2.09542322e-05  7.93846538e-02  3.49294996e-04  9.95728200e-01  1
5  6.51585838e+01  9.91463331e-01  2.07361796e-05  7.93846538e-02  2.45405924e-04  9.91463331e-01  1
6  5.87156032e+01  9.83449811e-01  1.59370716e-05  7.93846538e-02  1.38304383e-04  9.83449811e-01  1
7  5.99857212e+01  9.68734674e-01  1.54624331e-05  7.93846538e-02  1.01065221e-04  9.68734674e-01  1
8  6.18778773e+01  9.42630228e-01  1.72889494e-05  7.93846538e-02  8.75326175e-05  9.42630228e-01  1
9  6.40835073e+01  8.98745556e-01  1.22913431e-05  7.93846538e-02  4.98576241e-05  8.98745556e-01  1
10  6.54996137e+01  8.30734595e-01  8.96639905e-06  7.93846538e-02  3.04258329e-05  8.30734595e-01  1
11  6.43776871e+01  7.36583931e-01  9.37651362e-06  7.93846538e-02  2.81309899e-05  7.36583931e-01  1
12  5.95102796e+01  6.22928430e-01  1.10799156e-05  7.93846538e-02  3.14243180e-05  6.22928430e-01  1
13  5.14125594e+01  5.03772213e-01  1.23314072e-05  7.93846538e-02  3.55593074e-05  5.03772213e-01  1
14  4.19148879e+01  3.93233649e-01  1.47261770e-05  7.93846538e-02  4.62792285e-05  3.93233649e-01  1
15  3.27848857e+01  2.99607016e-01  1.46256184e-05  7.93846538e-02  5.31003200e-05  2.99607016e-01  1
16  2.49815934e+01  2.24908703e-01  1.18694918e-05  7.93846538e-02  5.20578664e-05  2.24908703e-01  1
17  1.87483214e+01  1.67421756e-01  8.79651119e-06  7.93846538e-02  4.81392803e-05  1.67421756e-01  1
18  1.39534486e+01  1.24074835e-01  5.30850075e-06  7.93846538e-02  3.70918541e-05  1.24074835e-01  1
19  1.03398598e+01  9.17500694e-02  3.54269520e-06  7.93846538e-02  3.21231739e-05  9.17500694e-02  1
20  7.64593968e+00  6.77832594e-02  2.05140467e-06  7.93846538e-02  2.44187111e-05  6.77832594e-02  1
21  5.64881180e+00  5.00633994e-02  1.38036856e-06  7.93846538e-02  2.17479971e-05  5.00633994e-02  1
22  4.17227197e+00  3.69786167e-02  9.01917605e-07  7.93846538e-02  1.89185586e-05  3.69786167e-02  1
23  3.08192370e+00  2.73203063e-02  6.11178496e-07  7.93846538e-02  1.71394864e-05  2.73203063e-02  1
24  2.27706720e+00  2.01910828e-02  4.59620265e-07  7.93846538e-02  1.72831854e-05  2.01910828e-02  1
25  1.68293298e+00  1.49273496e-02  3.05626713e-07  7.93846538e-02  1.54424064e-05  1.49273496e-02  1
26  1.24424563e+00  1.10397029e-02  2.48963509e-07  7.93846538e-02  1.69273378e-05  1.10397029e-02  1
27  9.20226814e-01  8.16727242e-03  1.62277320e-07  7.93846538e-02  1.48617153e-05  8.16727242e-03  1
28  6.80814127e-01  6.04416822e-03  1.36789175e-07  7.93846538e-02  1.68852463e-05  6.04416822e-03  1
29  5.03849222e-01  4.47430750e-03  8.80963225e-08  7.93846538e-02  1.46635232e-05  4.47430750e-03  1
30  3.72995081e-01  3.31313306e-03  7.52535798e-08  7.93846538e-02  1.68942995e-05  3.31313306e-03  1
31  2.76203047e-01  2.45395016e-03  4.81971115e-08  7.93846538e-02  1.45954886e-05  2.45395016e-03  1
32  2.04582689e-01  1.81803061e-03  4.13638630e-08  7.93846538e-02  1.68973962e-05  1.81803061e-03  1
33  1.51571437e-01  1.34721283e-03  2.64475746e-08  7.93846538e-02  1.45738234e-05  1.34721283e-03  1
34  1.12322566e-01  9.98542748e-04  2.27213282e-08  7.93846538e-02  1.68881546e-05  9.98542748e-04  1
35  8.32552849e-02  7.40260390e-04  1.45340764e-08  7.93846538e-02  1.45698212e-05  7.40260390e-04  1
36  6.17228269e-02  5.48891649e-04  1.24790781e-08  7.93846538e-02  1.68701663e-05  5.48891649e-04  1
37  4.57682082e-02  4.07066950e-04  7.99461034e-09  7.93846538e-02  1.45730009e-05  4.07066950e-04  1
38  3.39438448e-02  3.01939461e-04  6.85524877e-09  7.93846538e-02  1.68474481e-05  3.01939461e-04  1
39  2.51786748e-02  2.23997053e-04  4.40071230e-09  7.93846538e-02  1.45792174e-05  2.23997053e-04  1
40  1.86799221e-02  1.66200196e-04  3.76741343e-09  7.93846538e-02  1.68227986e-05  1.66200196e-04  1
41  1.38606617e-02  1.23333698e-04  2.42390801e-09  7.93846538e-02  1.45866908e-05  1.23333698e-04  1
42  1.02862204e-02  9.15360023e-05  2.07149399e-09  7.93846538e-02  1.67979190e-05  9.15360023e-05  1
43  7.63462217e-03  6.79448904e-05  1.33580920e-09  7.93846538e-02  1.45946015e-05  6.79448904e-05  1
44  5.66729594e-03  5.04400813e-05  1.13961497e-09  7.93846538e-02  1.67737764e-05  5.04400813e-05  1
45  4.20744274e-03  3.74493255e-05  7.36516937e-10  7.93846538e-02  1.46025555e-05  3.74493255e-05  1
46  3.12400480e-03  2.78074585e-05  6.27286101e-10  7.93846538e-02  1.67508916e-05  2.78074585e-05  1
47  2.31981885e-03  2.06501477e-05  4.06265755e-10  7.93846538e-02  1.46103626e-05  2.06501477e-05  1
48  1.72283182e-03  1.53366230e-05  3.45460014e-10  7.93846538e-02  1.67295243e-05  1.53366230e-05  1
49  1.27960578e-03  1.13913929e-05  2.24186342e-10  7.93846538e-02  1.46179364e-05  1.13913929e-05  1
50  9.50499360e-04  8.46184073e-06  1.90345548e-10  7.93846538e-02  1.67097842e-05  8.46184073e-06  1
51  7.06103113e-04  6.28622374e-06  1.23755458e-10  7.93846538e-02  1.46252464e-05  6.28622374e-06  1
52  5.24593815e-04  4.67038241e-06  1.04927069e-10  7.93846538e-02  1.66916948e-05  4.67038241e-06  1
53  3.89776375e-04  3.47015544e-06  6.83380800e-11  7.93846538e-02  1.46322920e-05  3.47015544e-06  1
54  2.89629944e-04  2.57857716e-06  5.78654427e-11  7.93846538e-02  1.66752310e-05  2.57857716e-06  1
55  2.15231468e-04  1.91620733e-06  3.77479261e-11  7.93846538e-02  1.46390901e-05  1.91620733e-06  1
56  1.59956139e-04  1.42408864e-06  3.19246094e-11  7.93846538e-02  1.66603426e-05  1.42408864e-06  1
57  1.18885206e-04  1.05842554e-06  2.08566945e-11  7.93846538e-02  1.46456643e-05  1.05842554e-06  1
58  8.83659820e-05  7.86707864e-07  1.76195509e-11  7.93846538e-02  1.66469619e-05  7.86707864e-07  1
59  6.56858549e-05  5.84781081e-07  1.15268702e-11  7.93846538e-02  1.46520453e-05  5.84781081e-07  1
60  4.88300118e-05  4.34711389e-07  9.72783677e-12  7.93846538e-02  1.66350157e-05  4.34711389e-07  1
61  3.63018875e-05  3.23171812e-07  6.37211127e-12  7.93846538e-02  1.46582634e-05  3.23171812e-07  1
62  2.69896887e-05  2.40265832e-07  5.37254622e-12  7.93846538e-02  1.66244324e-05  2.40265832e-07  1
63  2.00674467e-05  1.78637906e-07  3.52334066e-12  7.93846538e-02  1.46643469e-05  1.78637906e-07  1
64  1.49214464e-05  1.32824962e-07  2.96809154e-12  7.93846538e-02  1.66151302e-05  1.32824962e-07  1
65  1.10956734e-05  9.87659697e-08  1.94858674e-12  7.93846538e-02  1.46703373e-05  9.87659697e-08  1
66  8.25124365e-06  7.34442831e-08  1.64021042e-12  7.93846538e-02  1.66070417e-05  7.34442831e-08  1
67  6.13631463e-06  5.46171263e-08  1.07788555e-12  7.93846538e-02  1.46762360e-05  5.46171263e-08  1
68  4.56370365e-06  4.06182702e-08  9.06649466e-13  7.93846538e-02  1.66000955e-05  4.06182702e-08  1
69  3.39428557e-06  3.02087641e-08  5.96362169e-13  7.93846538e-02  1.46821169e-05  3.02087641e-08  1
70  2.52464119e-06  2.24680322e-08  5.01290236e-13  7.93846538e-02  1.65941993e-05  2.24680322e-08  1
71  1.87789310e-06  1.67114817e-08  3.30008545e-13  7.93846538e-02  1.46879152e-05  1.67114817e-08  1
72  1.39688696e-06  1.24303784e-08  2.77231418e-13  7.93846538e-02  1.65892784e-05  1.24303784e-08  1
73  1.03913142e-06  9.24635510e-09  1.82648684e-13  7.93846538e-02  1.46937350e-05  9.24635510e-09  1
74  7.73032654e-07  6.87820764e-09  1.53353257e-13  7.93846538e-02  1.65852659e-05  6.87820764e-09  1
75  5.75099537e-07  5.11676985e-09  1.01107457e-13  7.93846538e-02  1.46996810e-05  5.11676985e-09  1
76  4.27863644e-07  3.80657242e-09  8.48482566e-14  7.93846538e-02  1.65823869e-05  3.80657242e-09  1
77  3.18335192e-07  2.83196146e-09  5.59778240e-14  7.93846538e-02  1.47055718e-05  2.83196146e-09  1
78  2.36853736e-07  2.10696540e-09  4.69538365e-14  7.93846538e-02  1.65799702e-05  2.10696540e-09  1
79  1.76234883e-07  1.56762324e-09  3.09965320e-14  7.93846538e-02  1.47114576e-05  1.56762324e-09  1
80  1.31135123e-07  1.16638546e-09  2.59894072e-14  7.93846538e-02  1.65788606e-05  1.16638546e-09  1
81  9.75801429e-08  8.67872569e-10  1.71668144e-14  7.93846538e-02  1.47179599e-05  8.67872569e-10  1
82  7.26137085e-08  6.45780816e-10  1.43866130e-14  7.93846538e-02  1.65768726e-05  6.45780816e-10  1
83  5.40368931e-08  4.80537454e-10  9.50716805e-15  7.93846538e-02  1.47219735e-05  4.80537454e-10  1
84  4.02139018e-08  3.57588930e-10  7.96685567e-15  7.93846538e-02  1.65790525e-05  3.57588930e-10  1
85  2.99278804e-08  2.66104914e-10  5.26681331e-15  7.93846538e-02  1.47286811e-05  2.66104914e-10  1
86  2.22735355e-08  1.98032458e-10  4.41203594e-15  7.93846538e-02  1.65800619e-05  1.98032458e-10  1
87  1.65773705e-08  1.47377596e-10  2.91839764e-15  7.93846538e-02  1.47369662e-05  1.47377596e-10  1
88  1.23382887e-08  1.09683368e-10  2.44461298e-15  7.93846538e-02  1.65874125e-05  1.09683368e-10  1
89  9.18347335e-09  8.16318697e-11  1.61597483e-15  7.93846538e-02  1.47330891e-05  8.16318697e-11  1
90  6.83551668e-09  6.07565332e-11  1.35311719e-15  7.93846538e-02  1.65758446e-05  6.07565332e-11  1
91  5.08801096e-09  4.52203987e-11  8.96154054e-16  7.93846538e-02  1.47499208e-05  4.52203987e-11  1
92  3.78735810e-09  3.36582189e-11  7.51328619e-16  7.93846538e-02  1.66148163e-05  3.36582189e-11  1
93  2.81926483e-09  2.50527296e-11  4.97652526e-16  7.93846538e-02  1.47854682e-05  2.50527296e-11  1
94  2.09868323e-09  1.86480780e-11  4.15361677e-16  7.93846538e-02  1.65794979e-05  1.86480780e-11  1
95  1.56231760e-09  1.38809822e-11  2.76232566e-16  7.93846538e-02  1.48129242e-05  1.38809822e-11  1
96  1.16306320e-09  1.03328682e-11  2.31586582e-16  7.93846538e-02  1.66837316e-05  1.03328682e-11  1
97  8.65855726e-10  7.69177970e-12  1.54057793e-16  7.93846538e-02  1.49094898e-05  7.69177970e-12  1
98  6.44614605e-10  5.72605587e-12  1.28853602e-16  7.93846538e-02  1.67521181e-05  5.72605587e-12  1
99  4.79913223e-10  4.26269994e-12  8.77709963e-17  7.93846538e-02  1.53283514e-05  4.26269994e-12  1
100  3.57304827e-10  3.17354701e-12  7.48895688e-17  7.93846538e-02  1.75685762e-05  3.17354701e-12  1
