# iter  max_residual  sin_angle  delta_norm  eq5_lhs  eq5_rhs  eq5_angle  eq5_ok
0  1.12179022e+01  9.99986840e-01  -1.00000000e+00  0.00000000e+00  0.00000000e+00  -1.00000000e+00  0
1  2.84745265e+01  9.99397628e-01  9.35307175e-03  3.54009995e-02  1.83244601e+00  9.99397628e-01  0
2  2.76503795e+01  9.95433509e-01  1.74671297e-02  3.54009995e-02  5.20792253e-01  9.95433509e-01  0
3  1.86174323e+01  9.85272522e-01  2.61626038e-02  3.54009995e-02  3.00358630e-01  9.85272522e-01  0
4  9.96564367e+00  9.69824700e-01  3.27481880e-02  3.54009995e-02  2.24757201e-01  9.69824700e-01  0
5  1.32899278e+01  9.47520873e-01  3.49041727e-02  3.54009995e-02  1.79155484e-01  9.47520873e-01  0
6  1.72925967e+01  9.15993859e-01  3.50834228e-02  3.54009995e-02  1.46767210e-01  9.15993859e-01  0
7  2.16919969e+01  8.73412317e-01  3.44667130e-02  3.54009995e-02  1.23538376e-01  8.73412317e-01  0
8  2.60296203e+01  8.19152607e-01  3.31957979e-02  3.54009995e-02  1.06173472e-01  8.19152607e-01  0
9  2.96785631e+01  7.54213495e-01  3.13568425e-02  3.54009995e-02  9.29486732e-02  7.54213495e-01  0
10  3.20366887e+01  6.81339056e-01  2.90201543e-02  3.54009995e-02  8.26730185e-02  6.81339056e-01  0
11  3.27749073e+01  6.04480326e-01  2.63192155e-02  3.54009995e-02  7.45854476e-02  6.04480326e-01  0
12  3.19441758e+01  5.27839429e-01  2.34222279e-02  3.54009995e-02  6.81497150e-02  5.27839429e-01  0
13  2.98934628e+01  4.54958660e-01  2.05040093e-02  3.54009995e-02  6.29861540e-02  4.54958660e-01  0
14  2.70887286e+01  3.88231333e-01  1.77104188e-02  3.54009995e-02  5.88154274e-02  3.88231333e-01  0
15  2.39583461e+01  3.28871884e-01  1.51407911e-02  3.54009995e-02  5.54288934e-02  3.28871884e-01  0
16  2.08184442e+01  2.77163788e-01  1.28470266e-02  3.54009995e-02  5.26676657e-02  2.77163788e-01  0
17  1.78649131e+01  2.32782635e-01  1.08436172e-02  3.54009995e-02  5.04092623e-02  2.32782635e-01  0
18  1.51978089e+01  1.95074745e-01  9.12045986e-03  3.54009995e-02  4.85582428e-02  1.95074745e-01  0
19  1.28525561e+01  1.63253110e-01  7.65392986e-03  3.54009995e-02  4.70397375e-02  1.63253110e-01  0
20  1.08261209e+01  1.36517034e-01  6.41469072e-03  3.54009995e-02  4.57948349e-02  1.36517034e-01  0
21  9.09531805e+00  1.14116193e-01  5.37249722e-03  3.54009995e-02  4.47773142e-02  1.14116193e-01  0
22  7.62827672e+00  9.53792682e-02  4.49880016e-03  3.54009995e-02  4.39513603e-02  9.53792682e-02  0
23  6.39103107e+00  7.97221020e-02  3.76794486e-03  3.54009995e-02  4.32900639e-02  7.97221020e-02  0
24  5.35099216e+00  6.66450484e-02  3.15755156e-03  3.54009995e-02  4.27746119e-02  6.66450484e-02  0
25  4.47855984e+00  5.57253238e-02  2.64846247e-03  3.54009995e-02  4.23941874e-02  5.57253238e-02  0
26  3.74768897e+00  4.66075767e-02  2.22448738e-03  3.54009995e-02  4.21467372e-02  4.66075767e-02  0
27  3.13590289e+00  3.89943650e-02  1.87208276e-03  3.54009995e-02  4.20410385e-02  3.89943650e-02  0
28  2.62403983e+00  3.26373364e-02  1.58004676e-03  3.54009995e-02  4.21011234e-02  3.26373364e-02  0
29  2.19589046e+00  2.73294270e-02  1.33930623e-03  3.54009995e-02  4.23760352e-02  2.73294270e-02  0
30  1.83781088e+00  2.28981392e-02  1.14297616e-03  3.54009995e-02  4.29655813e-02  2.28981392e-02  0
31  1.53835277e+00  1.91998416e-02  9.87612361e-04  3.54009995e-02  4.41185534e-02  1.91998416e-02  0
32  1.28792903e+00  1.61149807e-02  8.81963076e-04  3.54009995e-02  4.68180814e-02  1.61149807e-02  0
33  1.07852111e+00  1.35440817e-02  8.45021013e-04  3.54009995e-02  5.32821165e-02  1.35440817e-02  0
34  9.03427349e-01  1.14044192e-02  8.36558818e-04  3.54009995e-02  6.26022713e-02  1.14044192e-02  0
35  7.57049430e-01  9.62724622e-03  8.33560069e-04  3.54009995e-02  7.39245849e-02  9.62724622e-03  0
36  6.34712237e-01  8.15548560e-03  8.32137948e-04  3.54009995e-02  8.72678954e-02  8.15548560e-03  0
37  5.32512744e-01  6.94179450e-03  8.31356699e-04  3.54009995e-02  1.02769729e-01  6.94179450e-03  0
38  4.47193528e-01  5.94692132e-03  8.30891306e-04  3.54009995e-02  1.20524934e-01  5.94692132e-03  0
39  3.76037011e-01  5.13827425e-03  8.30600647e-04  3.54009995e-02  1.40499631e-01  5.13827425e-03  0
40  3.16777023e-01  4.48861779e-03  8.30413964e-04  3.54009995e-02  1.62443824e-01  4.48861779e-03  0
41  2.67524666e-01  3.97481554e-03  8.30292144e-04  3.54009995e-02  1.85807544e-01  3.97481554e-03  0
42  2.26705885e-01  3.57657543e-03  8.30212048e-04  3.54009995e-02  2.09698288e-01  3.57657543e-03  0
43  1.93008424e-01  3.27528199e-03  8.30159322e-04  3.54009995e-02  2.32940276e-01  3.27528199e-03  0
44  1.65336189e-01  3.05321219e-03  8.30124765e-04  3.54009995e-02  2.54281517e-01  3.05321219e-03  0
45  1.42769379e-01  2.89350012e-03  8.30102341e-04  3.54009995e-02  2.72708472e-01  2.89350012e-03  0
46  1.24529326e-01  2.78084040e-03  8.30088032e-04  3.54009995e-02  2.87710339e-01  2.78084040e-03  0
47  1.09947790e-01  2.70235727e-03  8.30079138e-04  3.54009995e-02  2.99329464e-01  2.70235727e-03  0
48  9.84414768e-02  2.64801878e-03  8.30073836e-04  3.54009995e-02  3.07996655e-01  2.64801878e-03  0
49  8.94931975e-02  2.61046278e-03  8.30070891e-04  3.54009995e-02  3.14298731e-01  2.61046278e-03  0
50  8.26407988e-02  2.58448893e-03  8.30069471e-04  3.54009995e-02  3.18807971e-01  2.58448893e-03  0
51  7.74734042e-02  2.56649654e-03  8.30069013e-04  3.54009995e-02  3.22003439e-01  2.56649654e-03  0
52  7.36324058e-02  2.55401177e-03  8.30069142e-04  3.54009995e-02  3.24255072e-01  2.55401177e-03  0
53  7.08135139e-02  2.54533656e-03  8.30069610e-04  3.54009995e-02  3.25836253e-01  2.54533656e-03  0
54  6.87668035e-02  2.53930273e-03  8.30070254e-04  3.54009995e-02  3.26944218e-01  2.53930273e-03  0
55  6.72935094e-02  2.53510402e-03  8.30070971e-04  3.54009995e-02  3.27719405e-01  2.53510402e-03  0
56  6.62400439e-02  2.53218222e-03  8.30071696e-04  3.54009995e-02  3.28261094e-01  2.53218222e-03  0
57  6.54905455e-02  2.53014977e-03  8.30072390e-04  3.54009995e-02  3.28639182e-01  2.53014977e-03  0
58  6.49592621e-02  2.52873709e-03  8.30073033e-04  3.54009995e-02  3.28902763e-01  2.52873709e-03  0
59  6.45836453e-02  2.52775637e-03  8.30073615e-04  3.54009995e-02  3.29086271e-01  2.52775637e-03  0
60  6.43185657e-02  2.52707664e-03  8.30074132e-04  3.54009995e-02  3.29213833e-01  2.52707664e-03  0
61  6.41317196e-02  2.52660652e-03  8.30074587e-04  3.54009995e-02  3.29302342e-01  2.52660652e-03  0
62  6.40001163e-02  2.52628225e-03  8.30074983e-04  3.54009995e-02  3.29363617e-01  2.52628225e-03  0
63  6.39074597e-02  2.52605935e-03  8.30075325e-04  3.54009995e-02  3.29405922e-01  2.52605935e-03  0
64  6.38422323e-02  2.52590677e-03  8.30075619e-04  3.54009995e-02  3.29435033e-01  2.52590677e-03  0
65  6.37963099e-02  2.52580290e-03  8.30075870e-04  3.54009995e-02  3.29454982e-01  2.52580290e-03  0
66  6.37639699e-02  2.52573266e-03  8.30076085e-04  3.54009995e-02  3.29468582e-01  2.52573266e-03  0
67  6.37411846e-02  2.52568559e-03  8.30076267e-04  3.54009995e-02  3.29477793e-01  2.52568559e-03  0
68  6.37251214e-02  2.52565441e-03  8.30076421e-04  3.54009995e-02  3.29483979e-01  2.52565441e-03  0
69  6.37137881e-02  2.52563407e-03  8.30076551e-04  3.54009995e-02  3.29488089e-01  2.52563407e-03  0
70  6.37057844e-02  2.52562108e-03  8.30076662e-04  3.54009995e-02  3.29490780e-01  2.52562108e-03  0
71  6.37001254e-02  2.52561304e-03  8.30076754e-04  3.54009995e-02  3.29492507e-01  2.52561304e-03  0
72  6.36961189e-02  2.52560831e-03  8.30076833e-04  3.54009995e-02  3.29493583e-01  2.52560831e-03  0
73  6.36932776e-02  2.52560573e-03  8.30076899e-04  3.54009995e-02  3.29494226e-01  2.52560573e-03  0
74  6.36912589e-02  2.52560456e-03  8.30076954e-04  3.54009995e-02  3.29494583e-01  2.52560456e-03  0
75  6.36898215e-02  2.52560426e-03  8.30077000e-04  3.54009995e-02  3.29494755e-01  2.52560426e-03  0
76  6.36887953e-02  2.52560449e-03  8.30077040e-04  3.54009995e-02  3.29494809e-01  2.52560449e-03  0
77  6.36880606e-02  2.52560502e-03  8.30077072e-04  3.54009995e-02  3.29494792e-01  2.52560502e-03  0
78  6.36875329e-02  2.52560570e-03  8.30077100e-04  3.54009995e-02  3.29494734e-01  2.52560570e-03  0
79  6.36871523e-02  2.52560644e-03  8.30077123e-04  3.54009995e-02  3.29494654e-01  2.52560644e-03  0
80  6.36868767e-02  2.52560717e-03  8.30077142e-04  3.54009995e-02  3.29494566e-01  2.52560717e-03  0
81  6.36866762e-02  2.52560786e-03  8.30077159e-04  3.54009995e-02  3.29494477e-01  2.52560786e-03  0
82  6.36865295e-02  2.52560850e-03  8.30077172e-04  3.54009995e-02  3.29494392e-01  2.52560850e-03  0
83  6.36864216e-02  2.52560908e-03  8.30077184e-04  3.54009995e-02  3.29494314e-01  2.52560908e-03  0
84  6.36863417e-02  2.52560959e-03  8.30077193e-04  3.54009995e-02  3.29494242e-01  2.52560959e-03  0
85  6.36862821e-02  2.52561004e-03  8.30077201e-04  3.54009995e-02  3.29494179e-01  2.52561004e-03  0
86  6.36862374e-02  2.52561042e-03  8.30077208e-04  3.54009995e-02  3.29494124e-01  2.52561042e-03  0
87  6.36862036e-02  2.52561076e-03  8.30077214e-04  3.54009995e-02  3.29494076e-01  2.52561076e-03  0
88  6.36861778e-02  2.52561105e-03  8.30077218e-04  3.54009995e-02  3.29494034e-01  2.52561105e-03  0
89  6.36861580e-02  2.52561129e-03  8.30077222e-04  3.54009995e-02  3.29493998e-01  2.52561129e-03  0
90  6.36861427e-02  2.52561150e-03  8.30077225e-04  3.54009995e-02  3.29493968e-01  2.52561150e-03  0
91  6.36861308e-02  2.52561168e-03  8.30077228e-04  3.54009995e-02  3.29493941e-01  2.52561168e-03  0
92  6.36861214e-02  2.52561183e-03  8.30077231e-04  3.54009995e-02  3.29493919e-01  2.52561183e-03  0
93  6.36861140e-02  2.52561195e-03  8.30077233e-04  3.54009995e-02  3.29493901e-01  2.52561195e-03  0
94  6.36861081e-02  2.52561206e-03  8.30077234e-04  3.54009995e-02  3.29493885e-01  2.52561206e-03  0
95  6.36861034e-02  2.52561215e-03  8.30077236e-04  3.54009995e-02  3.29493871e-01  2.52561215e-03  0
96  6.36860996e-02  2.52561223e-03  8.30077237e-04  3.54009995e-02  3.29493860e-01  2.52561223e-03  0
97  6.36860965e-02  2.52561229e-03  8.30077238e-04  3.54009995e-02  3.29493851e-01  2.52561229e-03  0
98  6.36860940e-02  2.52561234e-03  8.30077238e-04  3.54009995e-02  3.29493843e-01  2.52561234e-03  0
99  6.36860920e-02  2.52561239e-03  8.30077239e-04  3.54009995e-02  3.29493836e-01  2.52561239e-03  0
100  6.36860903e-02  2.52561243e-03  8.30077240e-04  3.54009995e-02  3.29493830e-01  2.52561243e-03  0
