1	4.442491081754347260e-01	2.481632424618849531e-01	1.725849523617931647e-01	1.322579749837368424e-01	1.073048219897937694e-01	9.011575737874100156e-02
2	1.379616734778013609e-01	5.397771288251926314e-02	3.366342850381463109e-02	2.636529056889623523e-02	2.382449454112791493e-02	2.453800609481672848e-02
3	6.466128580781242696e-02	2.536769361790064403e-02	1.848066199886611721e-02	1.153776047403295112e-02	8.863492337167240900e-03	9.350441349131620450e-03
4	3.816589950278115317e-02	1.803927627912043502e-02	6.832596384100720656e-03	3.449616326738801780e-03	1.534344445878607893e-03	7.930470587890235202e-04
5	2.890012778351115988e-02	1.029990151426546721e-02	2.107350526034884944e-03	6.616549909592574870e-04	2.194280920089981585e-04	7.356561157964444870e-05
6	2.430643236213922767e-02	4.503158781660306087e-03	6.953265802205766798e-04	1.403356999662440146e-04	2.909441220388822667e-05	6.849732959444195572e-06
7	2.135245126280986214e-02	2.241389016607895496e-03	2.372768368560244153e-04	2.880588070156024619e-05	3.669647618670668541e-06	4.744908223920022155e-07
8	1.937732302193913292e-02	1.187420532465821663e-03	8.092058634725964993e-05	6.326423830559984014e-06	4.408700236171703148e-07	3.484892289207105046e-08
9	1.757311160841952893e-02	6.411306873178356305e-04	2.693352636382046126e-05	1.167223076601188285e-06	5.133964764838005560e-08	2.488054231246716620e-09
10	1.482863251441158929e-02	3.516618856319567881e-04	9.407232916292667546e-06	2.280642437004422536e-07	5.846987866977401922e-09	NaN
11	1.134576535051025868e-02	1.936547690347407817e-04	3.024298328617074373e-06	4.394775151405419836e-08	NaN	NaN
12	8.304159856740635226e-03	1.068062220713390266e-04	1.002548316337388542e-06	8.375069352963991942e-09	NaN	NaN
13	6.388430512241928191e-03	5.888698040960132059e-05	3.303180178852581304e-07	NaN	NaN	NaN
14	4.983592053863930040e-03	3.225494536602739701e-05	1.083160738088327560e-07	NaN	NaN	NaN
15	3.938319190497267287e-03	1.758684768194799543e-05	3.536524387469707051e-08	NaN	NaN	NaN
16	3.155772252398619630e-03	9.700186176149302832e-06	1.150487086412242860e-08	NaN	NaN	NaN
17	2.558559483320464126e-03	5.336725113924547491e-06	3.731298456787416093e-09	NaN	NaN	NaN
18	2.091747417944663824e-03	2.933099956251527888e-06	NaN	NaN	NaN	NaN
19	1.715059040522792051e-03	1.610773013033320729e-06	NaN	NaN	NaN	NaN
20	1.411071856931359059e-03	8.839767741757035936e-07	NaN	NaN	NaN	NaN
21	1.162064098393935556e-03	4.847233298296709104e-07	NaN	NaN	NaN	NaN
22	9.589933784088400682e-04	2.656057109379448973e-07	NaN	NaN	NaN	NaN
23	7.948685859806901930e-04	1.454323306725523732e-07	NaN	NaN	NaN	NaN
24	6.604390638057372476e-04	7.958652633312873848e-08	NaN	NaN	NaN	NaN
25	5.490301294622484778e-04	4.352745953030751631e-08	NaN	NaN	NaN	NaN
26	4.571367946354658492e-04	2.379391619570732398e-08	NaN	NaN	NaN	NaN
27	3.807218147966181859e-04	1.299927626519564767e-08	NaN	NaN	NaN	NaN
28	3.174725185298814798e-04	7.099100146516009628e-09	NaN	NaN	NaN	NaN
29	2.647507747963568584e-04	NaN	NaN	NaN	NaN	NaN
30	2.210045763550054292e-04	NaN	NaN	NaN	NaN	NaN
31	1.844838675149653969e-04	NaN	NaN	NaN	NaN	NaN
32	1.541234180550778480e-04	NaN	NaN	NaN	NaN	NaN
33	1.287459072533552211e-04	NaN	NaN	NaN	NaN	NaN
34	1.076187860616670229e-04	NaN	NaN	NaN	NaN	NaN
35	8.994443304242690038e-05	NaN	NaN	NaN	NaN	NaN
36	7.521046338740019468e-05	NaN	NaN	NaN	NaN	NaN
37	6.287100577350308297e-05	NaN	NaN	NaN	NaN	NaN
38	5.256725881735096708e-05	NaN	NaN	NaN	NaN	NaN
39	4.392112787901358676e-05	NaN	NaN	NaN	NaN	NaN
40	3.667759695444043670e-05	NaN	NaN	NaN	NaN	NaN
41	3.058119865297203314e-05	NaN	NaN	NaN	NaN	NaN
42	2.547481686522472388e-05	NaN	NaN	NaN	NaN	NaN
43	2.120553348358432917e-05	NaN	NaN	NaN	NaN	NaN
44	1.771806008717132468e-05	NaN	NaN	NaN	NaN	NaN
45	1.483918014170255794e-05	NaN	NaN	NaN	NaN	NaN
46	1.242907301329298994e-05	NaN	NaN	NaN	NaN	NaN
47	1.040565375788833769e-05	NaN	NaN	NaN	NaN	NaN
48	8.712294404265244163e-06	NaN	NaN	NaN	NaN	NaN
49	7.292177973031539980e-06	NaN	NaN	NaN	NaN	NaN
50	6.104677895642716043e-06	NaN	NaN	NaN	NaN	NaN
51	5.109520334183566674e-06	NaN	NaN	NaN	NaN	NaN
52	4.277575622736766416e-06	NaN	NaN	NaN	NaN	NaN
53	3.580463658844504080e-06	NaN	NaN	NaN	NaN	NaN
54	2.997628621509291116e-06	NaN	NaN	NaN	NaN	NaN
55	2.509227397973784027e-06	NaN	NaN	NaN	NaN	NaN
56	2.100814351175683034e-06	NaN	NaN	NaN	NaN	NaN
57	1.758575951090804570e-06	NaN	NaN	NaN	NaN	NaN
58	1.472383744027851484e-06	NaN	NaN	NaN	NaN	NaN
59	1.232544342357354702e-06	NaN	NaN	NaN	NaN	NaN
60	1.031961032406229506e-06	NaN	NaN	NaN	NaN	NaN
61	8.638579158710520634e-07	NaN	NaN	NaN	NaN	NaN
62	7.232506213258308610e-07	NaN	NaN	NaN	NaN	NaN
63	6.054258472887629668e-07	NaN	NaN	NaN	NaN	NaN
64	5.068808793416792825e-07	NaN	NaN	NaN	NaN	NaN
65	4.243105786006788124e-07	NaN	NaN	NaN	NaN	NaN
66	3.552407375880954220e-07	NaN	NaN	NaN	NaN	NaN
67	2.973581294514009567e-07	NaN	NaN	NaN	NaN	NaN
68	2.489484126108506999e-07	NaN	NaN	NaN	NaN	NaN
69	2.083812998919478926e-07	NaN	NaN	NaN	NaN	NaN
70	1.744490892106024152e-07	NaN	NaN	NaN	NaN	NaN
71	1.460220695196545487e-07	NaN	NaN	NaN	NaN	NaN
72	1.222407002792628580e-07	NaN	NaN	NaN	NaN	NaN
73	1.023198339557132785e-07	NaN	NaN	NaN	NaN	NaN
74	8.565501775728470162e-08	NaN	NaN	NaN	NaN	NaN
75	7.169361652374191509e-08	NaN	NaN	NaN	NaN	NaN
76	6.001496992229017533e-08	NaN	NaN	NaN	NaN	NaN
77	5.023338999776761403e-08	NaN	NaN	NaN	NaN	NaN
78	4.204932057582834766e-08	NaN	NaN	NaN	NaN	NaN
79	3.519481521094322147e-08	NaN	NaN	NaN	NaN	NaN
80	2.946002096203733046e-08	NaN	NaN	NaN	NaN	NaN
81	2.465751869985743900e-08	NaN	NaN	NaN	NaN	NaN
82	2.063939305057474571e-08	NaN	NaN	NaN	NaN	NaN
83	1.727416450467155299e-08	NaN	NaN	NaN	NaN	NaN
84	1.445902009198632097e-08	NaN	NaN	NaN	NaN	NaN
85	1.210139771754285273e-08	NaN	NaN	NaN	NaN	NaN
86	1.012909828543087860e-08	NaN	NaN	NaN	NaN	NaN
87	8.477364750691913463e-09	NaN	NaN	NaN	NaN	NaN
