1	4.442491081366505279e-01	2.481632425047335111e-01	1.725849524628970677e-01	1.322579749225195334e-01	1.073048221215422149e-01	9.011575716431706462e-02
2	1.377995178469791915e-01	5.353797347391945488e-02	3.286892820520490033e-02	2.475770840699945130e-02	2.057702043197733380e-02	1.805223591510030437e-02
3	6.447944710052068429e-02	2.491684723132504484e-02	1.734298873208847333e-02	9.306426361735146632e-03	3.715605432204168584e-03	1.687365510449520241e-03
4	3.804094453943816095e-02	1.766211023222492502e-02	5.177028057965246503e-03	1.427185375745685736e-03	4.377733451214986787e-04	1.306937824989528175e-04
5	2.879145258449251205e-02	9.784486333456958451e-03	1.470703262435204065e-03	2.793172142200141326e-04	5.205483288758177912e-05	2.041768321962520729e-05
6	2.421309644266425240e-02	4.144804279732719823e-03	4.736661539175821586e-04	5.464663599432460620e-05	1.276527612373256437e-05	3.023176965233850443e-06
7	2.127022156074958800e-02	2.045944225851840329e-03	1.565156772302253509e-04	1.331656768380633247e-05	1.487425572337177085e-06	8.221918197363505563e-08
8	1.929549618929419716e-02	1.078147289609499796e-03	5.139982196980554777e-05	4.268239992643207465e-06	8.599263162318876060e-08	3.271894996700782166e-09
9	1.749328771103705882e-02	5.779081617292590239e-04	1.646892866296348302e-05	4.682517903887008873e-07	6.551870982232268749e-09	NaN
10	1.474468378905412387e-02	3.148255846662126019e-04	7.640792915309284336e-06	6.700190521406980910e-08	NaN	NaN
11	1.126172340310971007e-02	1.720797979265455060e-04	1.935775774822301871e-06	1.114416371142100809e-08	NaN	NaN
12	8.233122198864429100e-03	9.415665306608963462e-05	5.483908323854241343e-07	1.972899913454367753e-09	NaN	NaN
13	6.332464191365156682e-03	5.147857302885080094e-05	1.744580756288210807e-07	NaN	NaN	NaN
14	4.936081893468361945e-03	2.791989493959471928e-05	5.528940027526113208e-08	NaN	NaN	NaN
15	3.898413503289593039e-03	1.512653460625447866e-05	1.746611957092860248e-08	NaN	NaN	NaN
16	3.122111273327276507e-03	8.273007366712991747e-06	5.502491087314795321e-09	NaN	NaN	NaN
17	2.529737995034403181e-03	4.511623222649619098e-06	NaN	NaN	NaN	NaN
18	2.067125836730020292e-03	2.457964645685284366e-06	NaN	NaN	NaN	NaN
19	1.693950939399079848e-03	1.338087902044315175e-06	NaN	NaN	NaN	NaN
20	1.392935719930122771e-03	7.278601452870085419e-07	NaN	NaN	NaN	NaN
21	1.146456885008036381e-03	3.956126142881896589e-07	NaN	NaN	NaN	NaN
22	9.455657974794689537e-04	2.148717406752841825e-07	NaN	NaN	NaN	NaN
23	7.831778896337589398e-04	1.166262309287687965e-07	NaN	NaN	NaN	NaN
24	6.503368286335370601e-04	6.326290385198488148e-08	NaN	NaN	NaN	NaN
25	5.402988689797816151e-04	3.429694973832500312e-08	NaN	NaN	NaN	NaN
26	4.495914727632087339e-04	1.858400683804406630e-08	NaN	NaN	NaN	NaN
27	3.741972302480077212e-04	1.006501629070464194e-08	NaN	NaN	NaN	NaN
28	3.118349008997493149e-04	5.448800215964960229e-09	NaN	NaN	NaN	NaN
29	2.598810253007040241e-04	NaN	NaN	NaN	NaN	NaN
30	2.168010616450800725e-04	NaN	NaN	NaN	NaN	NaN
31	1.808536489228391813e-04	NaN	NaN	NaN	NaN	NaN
32	1.509910870507816813e-04	NaN	NaN	NaN	NaN	NaN
33	1.260439213714826623e-04	NaN	NaN	NaN	NaN	NaN
34	1.052897009157798041e-04	NaN	NaN	NaN	NaN	NaN
35	8.793585798182040078e-05	NaN	NaN	NaN	NaN	NaN
36	7.348023355411591510e-05	NaN	NaN	NaN	NaN	NaN
37	6.138082668040803231e-05	NaN	NaN	NaN	NaN	NaN
38	5.128486560474961335e-05	NaN	NaN	NaN	NaN	NaN
39	4.281697558307844480e-05	NaN	NaN	NaN	NaN	NaN
40	3.572779445332890675e-05	NaN	NaN	NaN	NaN	NaN
41	2.976469489305937598e-05	NaN	NaN	NaN	NaN	NaN
42	2.477425457243438483e-05	NaN	NaN	NaN	NaN	NaN
43	2.060573525206882683e-05	NaN	NaN	NaN	NaN	NaN
44	1.721397145586696126e-05	NaN	NaN	NaN	NaN	NaN
45	1.440659186099214405e-05	NaN	NaN	NaN	NaN	NaN
46	1.205814964394740761e-05	NaN	NaN	NaN	NaN	NaN
47	1.008755511979179891e-05	NaN	NaN	NaN	NaN	NaN
48	8.439718743212482209e-06	NaN	NaN	NaN	NaN	NaN
49	7.058677545754896974e-06	NaN	NaN	NaN	NaN	NaN
50	5.904822565620790656e-06	NaN	NaN	NaN	NaN	NaN
51	4.938457425978421582e-06	NaN	NaN	NaN	NaN	NaN
52	4.131237091487777809e-06	NaN	NaN	NaN	NaN	NaN
53	3.455294153551757311e-06	NaN	NaN	NaN	NaN	NaN
54	2.890611862623156580e-06	NaN	NaN	NaN	NaN	NaN
55	2.417759994145221996e-06	NaN	NaN	NaN	NaN	NaN
56	2.022679010727030414e-06	NaN	NaN	NaN	NaN	NaN
57	1.691841763416537376e-06	NaN	NaN	NaN	NaN	NaN
58	1.415383393818226242e-06	NaN	NaN	NaN	NaN	NaN
59	1.183881978996383132e-06	NaN	NaN	NaN	NaN	NaN
60	9.904149939414874368e-07	NaN	NaN	NaN	NaN	NaN
61	8.284146911261070205e-07	NaN	NaN	NaN	NaN	NaN
62	6.930222943275151932e-07	NaN	NaN	NaN	NaN	NaN
63	5.796566225138426037e-07	NaN	NaN	NaN	NaN	NaN
64	4.849071960115435357e-07	NaN	NaN	NaN	NaN	NaN
65	4.055769990865310089e-07	NaN	NaN	NaN	NaN	NaN
66	3.392722953926233890e-07	NaN	NaN	NaN	NaN	NaN
67	2.837612745191321040e-07	NaN	NaN	NaN	NaN	NaN
68	2.373640615398655447e-07	NaN	NaN	NaN	NaN	NaN
69	1.985222684670180230e-07	NaN	NaN	NaN	NaN	NaN
70	1.660572039240391852e-07	NaN	NaN	NaN	NaN	NaN
71	1.388805170485712576e-07	NaN	NaN	NaN	NaN	NaN
72	1.161653418173966287e-07	NaN	NaN	NaN	NaN	NaN
73	9.715149619040119456e-08	NaN	NaN	NaN	NaN	NaN
74	8.125904564526041266e-08	NaN	NaN	NaN	NaN	NaN
75	6.795697610235829024e-08	NaN	NaN	NaN	NaN	NaN
76	5.683862214090669908e-08	NaN	NaN	NaN	NaN	NaN
77	4.753302462932790445e-08	NaN	NaN	NaN	NaN	NaN
78	3.975507489718507131e-08	NaN	NaN	NaN	NaN	NaN
79	3.324560996007956894e-08	NaN	NaN	NaN	NaN	NaN
80	2.780477938750590899e-08	NaN	NaN	NaN	NaN	NaN
81	2.325151626572117718e-08	NaN	NaN	NaN	NaN	NaN
82	1.944575791219895012e-08	NaN	NaN	NaN	NaN	NaN
83	1.626099487879644511e-08	NaN	NaN	NaN	NaN	NaN
84	1.359908189429336484e-08	NaN	NaN	NaN	NaN	NaN
85	1.137162612976090208e-08	NaN	NaN	NaN	NaN	NaN
86	9.509865525944752116e-09	NaN	NaN	NaN	NaN	NaN
