1	1.949598096908683686e+00	9.857444515993277756e-01	6.710947386752831312e-01	5.148950660398052825e-01	4.193333694608589179e-01	3.560914063871321034e-01
2	3.813912533168543062e-01	1.834741330046778807e-01	8.898907910811341970e-02	7.447995165977830401e-02	1.910499989448898872e-01	5.883644568480924653e-01
3	1.710064411379384475e-01	2.921285168994097736e-02	1.634836786137569900e-02	1.278838979068627410e-02	1.191233142622598329e-02	1.164394764647859806e-02
4	6.650524785920156057e-02	1.349439525872684134e-02	7.536807388237597854e-03	4.274034075226805160e-03	3.964270051368589710e-03	1.281271958658575585e-02
5	2.721000864842519282e-02	8.296683193838026368e-03	3.180563409181027569e-03	1.724077361296119616e-03	1.229559326399696628e-03	2.315921126218440165e-02
6	1.919463295470848901e-02	4.878271814627983122e-03	1.649594901204402657e-03	6.328145145506517506e-04	3.061288716469742917e-04	3.307854634514770633e-04
7	1.441554289544072151e-02	2.878850555827437100e-03	8.248610676756308081e-04	1.931372950299806070e-04	7.555394157082331679e-05	1.134741463758767374e-03
8	1.177362919809988098e-02	2.118167151648048512e-03	3.632216472438413654e-04	5.556847648448778491e-05	2.431982005871808763e-05	1.055602750757314492e-03
9	9.733039899675589857e-03	1.444422168281648058e-03	1.568183344500750042e-04	1.546863663617792682e-05	4.031148188709199650e-06	8.254996587471605243e-06
10	8.327825042554923632e-03	9.971733976466945048e-04	6.775139216780966939e-05	4.191410844660825631e-06	1.914014186016362786e-06	4.495177206002641507e-05
11	7.199286750495092341e-03	6.519548440706392830e-04	2.893719485933331402e-05	1.113871727768375852e-06	4.583399670110661143e-07	6.174121068434168419e-07
12	6.001935365281107354e-03	4.123762546558686006e-04	1.219397017045535523e-05	2.917755267938034441e-07	1.504991442887328814e-07	2.014581013350538020e-06
13	4.959706776925244982e-03	2.571146875957839857e-04	5.130771820019536731e-06	7.201609199603903969e-08	3.177916157903291843e-08	5.655899355623660848e-06
14	4.108493972868223869e-03	1.643780407670688019e-04	2.141838337623747885e-06	1.836240701033674005e-08	1.202465478103706738e-08	2.667819250506191444e-08
15	3.362647217023357910e-03	1.052210786148116966e-04	8.891298927115364750e-07	4.696024327771263725e-09	3.549411516836366061e-09	1.763287697482132655e-07
16	3.006211654947376667e-03	6.711375469254640463e-05	3.670807916967517657e-07	NaN	NaN	1.074336457563364746e-09
17	2.743040397788908125e-03	4.269468013934921364e-05	1.501327282538612844e-07	NaN	NaN	NaN
18	2.553606025927953726e-03	2.706357661687171744e-05	5.818636781929137769e-08	NaN	NaN	NaN
19	2.266982483160672347e-03	1.711482195497098080e-05	2.416014178432163007e-08	NaN	NaN	NaN
20	2.068263386459046494e-03	1.080495366420670181e-05	9.907076687288469295e-09	NaN	NaN	NaN
21	1.847016520638976094e-03	6.811548091431454854e-06	NaN	NaN	NaN	NaN
22	1.612352523467540421e-03	4.291862299023214712e-06	NaN	NaN	NaN	NaN
23	1.460609598933819073e-03	2.713366283501735221e-06	NaN	NaN	NaN	NaN
24	1.316933823355866725e-03	1.714782014306914613e-06	NaN	NaN	NaN	NaN
25	1.183345550213897373e-03	1.083323240340474941e-06	NaN	NaN	NaN	NaN
26	1.056959390293245316e-03	6.830315764094233758e-07	NaN	NaN	NaN	NaN
27	9.408021831183703164e-04	4.299625611178667447e-07	NaN	NaN	NaN	NaN
28	8.331828070995094242e-04	2.705402670514086017e-07	NaN	NaN	NaN	NaN
29	7.358375938127188678e-04	1.701540224021678584e-07	NaN	NaN	NaN	NaN
30	6.472550747694935571e-04	1.068008686215070788e-07	NaN	NaN	NaN	NaN
31	5.719961316187629433e-04	6.662504157878201266e-08	NaN	NaN	NaN	NaN
32	5.023396281300888250e-04	3.961095066618989141e-08	NaN	NaN	NaN	NaN
33	4.382870073847673176e-04	2.492078686460548605e-08	NaN	NaN	NaN	NaN
34	3.809226994091270322e-04	1.565134825740484308e-08	NaN	NaN	NaN	NaN
35	3.312549811652527876e-04	9.836929518535146885e-09	NaN	NaN	NaN	NaN
36	2.883518832687984924e-04	NaN	NaN	NaN	NaN	NaN
37	2.516537159840666967e-04	NaN	NaN	NaN	NaN	NaN
38	2.224592698025412219e-04	NaN	NaN	NaN	NaN	NaN
39	1.965232342278022085e-04	NaN	NaN	NaN	NaN	NaN
40	1.729462476104186807e-04	NaN	NaN	NaN	NaN	NaN
41	1.519600418047930819e-04	NaN	NaN	NaN	NaN	NaN
42	1.332207838858070700e-04	NaN	NaN	NaN	NaN	NaN
43	1.167581627446664938e-04	NaN	NaN	NaN	NaN	NaN
44	1.023942448345638328e-04	NaN	NaN	NaN	NaN	NaN
45	9.000204114976626240e-05	NaN	NaN	NaN	NaN	NaN
46	7.907532736686058667e-05	NaN	NaN	NaN	NaN	NaN
47	6.947781439485453117e-05	NaN	NaN	NaN	NaN	NaN
48	6.102106977907907121e-05	NaN	NaN	NaN	NaN	NaN
49	5.359491830213299990e-05	NaN	NaN	NaN	NaN	NaN
50	4.705188265369193755e-05	NaN	NaN	NaN	NaN	NaN
51	4.131051117285761891e-05	NaN	NaN	NaN	NaN	NaN
52	3.625606299848488048e-05	NaN	NaN	NaN	NaN	NaN
53	3.182040850385783296e-05	NaN	NaN	NaN	NaN	NaN
54	2.791536249582985809e-05	NaN	NaN	NaN	NaN	NaN
55	2.449129501770763384e-05	NaN	NaN	NaN	NaN	NaN
56	2.148160777970031310e-05	NaN	NaN	NaN	NaN	NaN
57	1.884274155058189912e-05	NaN	NaN	NaN	NaN	NaN
58	1.652191528595838010e-05	NaN	NaN	NaN	NaN	NaN
59	1.448813526049125946e-05	NaN	NaN	NaN	NaN	NaN
60	1.270043101102824297e-05	NaN	NaN	NaN	NaN	NaN
61	1.113592128720265708e-05	NaN	NaN	NaN	NaN	NaN
62	9.760394969395649550e-06	NaN	NaN	NaN	NaN	NaN
63	8.555213088361738013e-06	NaN	NaN	NaN	NaN	NaN
64	7.496647379917252362e-06	NaN	NaN	NaN	NaN	NaN
65	6.570604429590891143e-06	NaN	NaN	NaN	NaN	NaN
66	5.757113042636255565e-06	NaN	NaN	NaN	NaN	NaN
67	5.045147945632810638e-06	NaN	NaN	NaN	NaN	NaN
68	4.419583723185267638e-06	NaN	NaN	NaN	NaN	NaN
69	3.872742783976310582e-06	NaN	NaN	NaN	NaN	NaN
70	3.392154829135923210e-06	NaN	NaN	NaN	NaN	NaN
71	2.971733661015248593e-06	NaN	NaN	NaN	NaN	NaN
72	2.602474755639760676e-06	NaN	NaN	NaN	NaN	NaN
73	2.279752450823118940e-06	NaN	NaN	NaN	NaN	NaN
74	1.996313799231768997e-06	NaN	NaN	NaN	NaN	NaN
75	1.748766622085755240e-06	NaN	NaN	NaN	NaN	NaN
76	1.532626835388387040e-06	NaN	NaN	NaN	NaN	NaN
77	1.344657951673011144e-06	NaN	NaN	NaN	NaN	NaN
78	1.179149078494010802e-06	NaN	NaN	NaN	NaN	NaN
79	1.034456364874676191e-06	NaN	NaN	NaN	NaN	NaN
80	9.070730367219124005e-07	NaN	NaN	NaN	NaN	NaN
81	7.956156074212118286e-07	NaN	NaN	NaN	NaN	NaN
82	6.975005158152449200e-07	NaN	NaN	NaN	NaN	NaN
83	6.117114799667592887e-07	NaN	NaN	NaN	NaN	NaN
84	5.363163342934932272e-07	NaN	NaN	NaN	NaN	NaN
85	4.703030419719213801e-07	NaN	NaN	NaN	NaN	NaN
86	4.122814236737070935e-07	NaN	NaN	NaN	NaN	NaN
87	3.615245382910703468e-07	NaN	NaN	NaN	NaN	NaN
88	3.169040015781519139e-07	NaN	NaN	NaN	NaN	NaN
89	2.778454037133754530e-07	NaN	NaN	NaN	NaN	NaN
90	2.435328799810650309e-07	NaN	NaN	NaN	NaN	NaN
91	2.135062661631863682e-07	NaN	NaN	NaN	NaN	NaN
92	1.871155782754710201e-07	NaN	NaN	NaN	NaN	NaN
93	1.640416780133237793e-07	NaN	NaN	NaN	NaN	NaN
94	1.437496870638291500e-07	NaN	NaN	NaN	NaN	NaN
95	1.260028910266448723e-07	NaN	NaN	NaN	NaN	NaN
96	1.104032758710309302e-07	NaN	NaN	NaN	NaN	NaN
97	9.675723046766193625e-08	NaN	NaN	NaN	NaN	NaN
98	8.475498563626338857e-08	NaN	NaN	NaN	NaN	NaN
99	7.425132957956726920e-08	NaN	NaN	NaN	NaN	NaN
100	6.495952587440221444e-08	NaN	NaN	NaN	NaN	NaN
