1	7.836835245925782845e-01	4.268599049094115583e-01	2.947474879279491922e-01	2.264717993860368150e-01	1.844623919925839906e-01	1.552224445899288152e-01
2	2.053033278740032386e-01	8.258957270790114047e-02	4.974279927215376207e-02	3.587124473357090199e-02	2.883926869502361975e-02	2.538037283223334648e-02
3	9.661046124194716533e-02	3.409186089452600349e-02	2.082066355212990050e-02	1.588809065302899948e-02	1.128109143097131770e-02	8.801439797829829423e-03
4	6.100308349217454379e-02	2.041397450103921846e-02	1.207294043441315377e-02	5.548367890716986509e-03	3.517866251697979434e-03	2.057832503072074340e-03
5	4.276119172587065226e-02	1.472905614293290588e-02	4.441197054237396719e-03	1.715909186907452026e-03	7.601180913713405634e-04	3.490339659781802615e-04
6	3.404601559330362737e-02	8.858398294386605337e-03	1.934705782691319631e-03	5.574912582385587031e-04	1.774013075586400865e-04	5.597640482646603781e-05
7	2.837936489550838340e-02	5.003844684650436518e-03	8.922631477986023687e-04	1.831519760657921239e-04	3.885772059393082260e-05	8.061894403341653254e-06
8	2.507841481137428399e-02	3.088635578572984392e-03	4.177024432486584190e-04	5.929433393359746074e-05	7.978893534610902616e-06	1.139739654627314853e-06
9	2.189625757941082371e-02	1.984894628690853351e-03	1.960234633019473742e-04	1.770766943250300370e-05	1.685797916331473935e-06	1.538005154658417864e-07
10	1.996101044396745086e-02	1.300691396382171530e-03	9.172959275194499627e-05	5.548245652554695293e-06	3.431366170915615594e-07	2.014617180636991843e-08
11	1.776300135865847146e-02	8.607647806480890054e-04	4.268974717442292267e-05	1.729293043532916889e-06	6.838079302088129331e-08	2.586333311900538614e-09
12	1.564540592219913415e-02	5.727196550724366871e-04	1.914862538880390808e-05	5.297636746265919215e-07	1.343098429797168159e-08	NaN
13	1.314274222108114884e-02	3.820911153002529452e-04	8.569380920750727728e-06	1.607417461630203343e-07	2.610614396498671957e-09	NaN
14	1.095506033576946689e-02	2.553166111255097959e-04	3.993830987526756717e-06	4.840428315519563520e-08	NaN	NaN
15	9.186748537254674565e-03	1.707255694374139050e-04	1.840295133871802528e-06	1.449715657335438430e-08	NaN	NaN
16	7.705120198592039713e-03	1.141996518044786452e-04	8.439244616519433511e-07	4.320681533021542718e-09	NaN	NaN
17	6.432693828872761838e-03	7.638310106797308616e-05	3.857650079226023541e-07	NaN	NaN	NaN
18	5.531703292029776890e-03	5.106798962451292937e-05	1.759527504332356808e-07	NaN	NaN	NaN
19	4.722967895350167061e-03	3.406033265705271765e-05	8.008031635597901086e-08	NaN	NaN	NaN
20	4.110406772495561918e-03	2.248628629226908458e-05	3.638735290365747025e-08	NaN	NaN	NaN
21	3.546491480657485741e-03	1.450955574033894862e-05	1.651008133116398463e-08	NaN	NaN	NaN
22	3.110241137276195753e-03	9.495624778877122176e-06	7.480394274004451088e-09	NaN	NaN	NaN
23	2.702722250215799753e-03	6.413142145379960714e-06	NaN	NaN	NaN	NaN
24	2.382352946855782489e-03	4.302826254121361465e-06	NaN	NaN	NaN	NaN
25	2.080693294403692609e-03	2.878025530916544158e-06	NaN	NaN	NaN	NaN
26	1.840449527396485502e-03	1.922210571997089398e-06	NaN	NaN	NaN	NaN
27	1.613385618612151904e-03	1.282819489911922971e-06	NaN	NaN	NaN	NaN
28	1.430563800160865014e-03	8.557111531776908142e-07	NaN	NaN	NaN	NaN
29	1.257546585855989817e-03	5.706254068504285234e-07	NaN	NaN	NaN	NaN
30	1.116976907934321686e-03	3.803801973111452666e-07	NaN	NaN	NaN	NaN
31	9.839988580688829086e-04	2.535304183315415089e-07	NaN	NaN	NaN	NaN
32	8.751007250337414526e-04	1.689307808005737345e-07	NaN	NaN	NaN	NaN
33	7.722209674918996403e-04	1.125484759435746778e-07	NaN	NaN	NaN	NaN
34	6.873830338322492461e-04	7.496430398309389710e-08	NaN	NaN	NaN	NaN
35	6.073956638273019870e-04	4.992619730959424778e-08	NaN	NaN	NaN	NaN
36	5.410347310990338762e-04	3.324181168021902320e-08	NaN	NaN	NaN	NaN
37	4.786048709272141231e-04	2.213106638435468879e-08	NaN	NaN	NaN	NaN
38	4.265329693225858765e-04	1.473010528855233056e-08	NaN	NaN	NaN	NaN
39	3.776631065300969513e-04	9.803457588784369368e-09	NaN	NaN	NaN	NaN
40	3.367066531899797367e-04	NaN	NaN	NaN	NaN	NaN
41	2.983596329699417541e-04	NaN	NaN	NaN	NaN	NaN
42	2.660854591956351815e-04	NaN	NaN	NaN	NaN	NaN
43	2.359366692090300545e-04	NaN	NaN	NaN	NaN	NaN
44	2.104664260097853913e-04	NaN	NaN	NaN	NaN	NaN
45	1.867243827851814103e-04	NaN	NaN	NaN	NaN	NaN
46	1.665970356954080730e-04	NaN	NaN	NaN	NaN	NaN
47	1.478775390211644887e-04	NaN	NaN	NaN	NaN	NaN
48	1.319576163488348007e-04	NaN	NaN	NaN	NaN	NaN
49	1.171801131728376780e-04	NaN	NaN	NaN	NaN	NaN
50	1.045766393278708864e-04	NaN	NaN	NaN	NaN	NaN
51	9.289933552555889446e-05	NaN	NaN	NaN	NaN	NaN
52	8.291284061192499312e-05	NaN	NaN	NaN	NaN	NaN
53	7.367696908263563448e-05	NaN	NaN	NaN	NaN	NaN
54	6.575776812606870601e-05	NaN	NaN	NaN	NaN	NaN
55	5.844593210088836957e-05	NaN	NaN	NaN	NaN	NaN
56	5.215837827372593908e-05	NaN	NaN	NaN	NaN	NaN
57	4.636044295451221837e-05	NaN	NaN	NaN	NaN	NaN
58	4.135839682322435139e-05	NaN	NaN	NaN	NaN	NaN
59	3.674861132457247397e-05	NaN	NaN	NaN	NaN	NaN
60	3.275305223331717542e-05	NaN	NaN	NaN	NaN	NaN
61	2.906821192820245174e-05	NaN	NaN	NaN	NaN	NaN
62	2.585302957810912833e-05	NaN	NaN	NaN	NaN	NaN
63	2.288316957264526703e-05	NaN	NaN	NaN	NaN	NaN
64	2.027694079394593829e-05	NaN	NaN	NaN	NaN	NaN
65	1.787755793883121232e-05	NaN	NaN	NaN	NaN	NaN
66	1.578176059188762543e-05	NaN	NaN	NaN	NaN	NaN
67	1.388285799994640716e-05	NaN	NaN	NaN	NaN	NaN
68	1.225049440373543634e-05	NaN	NaN	NaN	NaN	NaN
69	1.086433014787473652e-05	NaN	NaN	NaN	NaN	NaN
70	9.748234255586803637e-06	NaN	NaN	NaN	NaN	NaN
71	8.707052562818589270e-06	NaN	NaN	NaN	NaN	NaN
72	7.798640332163919031e-06	NaN	NaN	NaN	NaN	NaN
73	6.956692224624439028e-06	NaN	NaN	NaN	NaN	NaN
74	6.223601985548585029e-06	NaN	NaN	NaN	NaN	NaN
75	5.547366801059585153e-06	NaN	NaN	NaN	NaN	NaN
76	4.959168491029086306e-06	NaN	NaN	NaN	NaN	NaN
77	4.418356604634080860e-06	NaN	NaN	NaN	NaN	NaN
78	3.948053379126285751e-06	NaN	NaN	NaN	NaN	NaN
79	3.516660363497710669e-06	NaN	NaN	NaN	NaN	NaN
80	3.141436688901591399e-06	NaN	NaN	NaN	NaN	NaN
81	2.797862308012919366e-06	NaN	NaN	NaN	NaN	NaN
82	2.498891958580544272e-06	NaN	NaN	NaN	NaN	NaN
83	2.225500055853631338e-06	NaN	NaN	NaN	NaN	NaN
84	1.987458340592649151e-06	NaN	NaN	NaN	NaN	NaN
85	1.770026493152960663e-06	NaN	NaN	NaN	NaN	NaN
86	1.580584207704374543e-06	NaN	NaN	NaN	NaN	NaN
87	1.407714383375838327e-06	NaN	NaN	NaN	NaN	NaN
88	1.256984511984950692e-06	NaN	NaN	NaN	NaN	NaN
89	1.119551492473444039e-06	NaN	NaN	NaN	NaN	NaN
90	9.996439253733593319e-07	NaN	NaN	NaN	NaN	NaN
91	8.903950956919839638e-07	NaN	NaN	NaN	NaN	NaN
92	7.950077686711086772e-07	NaN	NaN	NaN	NaN	NaN
93	7.081646491862990066e-07	NaN	NaN	NaN	NaN	NaN
94	6.322951438930163816e-07	NaN	NaN	NaN	NaN	NaN
95	5.632572998084570271e-07	NaN	NaN	NaN	NaN	NaN
96	5.029031817483162153e-07	NaN	NaN	NaN	NaN	NaN
97	4.480187924157722331e-07	NaN	NaN	NaN	NaN	NaN
98	4.000056092512958816e-07	NaN	NaN	NaN	NaN	NaN
99	3.563698162044779639e-07	NaN	NaN	NaN	NaN	NaN
100	3.181775787447593402e-07	NaN	NaN	NaN	NaN	NaN
