1	7.836835248621243366e-01	4.268599046201047575e-01	2.947474964943289089e-01	2.264717996741744954e-01	1.844623919345308727e-01	1.552224443700828960e-01
2	2.051690374621667479e-01	8.239254911335082421e-02	4.940468836315579926e-02	3.519446177366602341e-02	2.742351566482024994e-02	2.248639443216793668e-02
3	9.650061043082115708e-02	3.383186945244228555e-02	2.014044371544420134e-02	1.453181262561499890e-02	9.040261278933779676e-03	4.920142323127612086e-03
4	6.091066956527806803e-02	2.016420375170000640e-02	1.065373637562365416e-02	3.902360281258587284e-03	1.659369858497949978e-03	7.279258095039618359e-04
5	4.267601301964078775e-02	1.453271324900816917e-02	3.818756894944813109e-03	1.165529942195574166e-03	3.627701192244098564e-04	1.088300602656842614e-04
6	3.396755903230729012e-02	8.657777697059713951e-03	1.657174046962597413e-03	3.683413598648067389e-04	7.662348595239055235e-05	1.410332654106081502e-05
7	2.831050883770453927e-02	4.850903730761293650e-03	7.574985642017950964e-04	1.150863175089408266e-04	1.482101712247899810e-05	3.210743420284492090e-06
8	2.500810161857443606e-02	2.980135745981641552e-03	3.498319303105096095e-04	3.523101536811609703e-05	3.469001260071113570e-06	2.136113772569990711e-07
9	2.182377686885884210e-02	1.910600695284481176e-03	1.613800902577711767e-04	9.875990269418719869e-06	5.384553674807118383e-07	2.529752535734066150e-08
10	1.989027266727692519e-02	1.248761874043655302e-03	7.413590149142548910e-05	2.984557767273525982e-06	1.006027179368185291e-07	2.950148253288141424e-09
11	1.769597148537967873e-02	8.240414625656019990e-04	3.383270830641824870e-05	8.805013092195215718e-07	1.859292747414677255e-08	NaN
12	1.557992911950249401e-02	5.465673204794504591e-04	1.478823043406127203e-05	2.571903448976032156e-07	3.409121137141427607e-09	NaN
13	1.308171613075563740e-02	3.634166241916822601e-04	6.552438595985305644e-06	7.468532586135026355e-08	NaN	NaN
14	1.089915362558271060e-02	2.419736180889652726e-04	2.991117625414504810e-06	2.159106355894273975e-08	NaN	NaN
15	9.138629769300599462e-03	1.611919469336205548e-04	1.350409015754282847e-06	6.219802852441940200e-09	NaN	NaN
16	7.660896327441024320e-03	1.074073207269682958e-04	6.071885583503270927e-07	NaN	NaN	NaN
17	6.392761265920938324e-03	7.155395508418458859e-05	2.723588140861562978e-07	NaN	NaN	NaN
18	5.495668363734457045e-03	4.764325126775336675e-05	1.219516806666425735e-07	NaN	NaN	NaN
19	4.690646187070585289e-03	3.163747267060790377e-05	5.452291156207677608e-08	NaN	NaN	NaN
20	4.081055595909750464e-03	2.077844457663496628e-05	2.434529571864780149e-08	NaN	NaN	NaN
21	3.520022645046568064e-03	1.332242804011047405e-05	1.085824237000935907e-08	NaN	NaN	NaN
22	3.086073880240917857e-03	8.704928524531802014e-06	4.838169793880115396e-09	NaN	NaN	NaN
23	2.680870030258142474e-03	5.853271290608035160e-06	NaN	NaN	NaN	NaN
24	2.362341223086165867e-03	3.909185209117965232e-06	NaN	NaN	NaN	NaN
25	2.062563376581943476e-03	2.602654252187626845e-06	NaN	NaN	NaN	NaN
26	1.823822670086829890e-03	1.730190285716300173e-06	NaN	NaN	NaN	NaN
27	1.598283771452669796e-03	1.149248818811542265e-06	NaN	NaN	NaN	NaN
28	1.416711896628330795e-03	7.629818974655565380e-07	NaN	NaN	NaN	NaN
29	1.244973009973683684e-03	5.063591350366333559e-07	NaN	NaN	NaN	NaN
30	1.105437484503713321e-03	3.359499575456305569e-07	NaN	NaN	NaN	NaN
31	9.735121271071328153e-04	2.228356570664965573e-07	NaN	NaN	NaN	NaN
32	8.654736948749657943e-04	1.477719707201546695e-07	NaN	NaN	NaN	NaN
33	7.634690703366723771e-04	9.797429245668591473e-08	NaN	NaN	NaN	NaN
34	6.793571393960840931e-04	6.494434466942259841e-08	NaN	NaN	NaN	NaN
35	6.000970966007333372e-04	4.304215287794629945e-08	NaN	NaN	NaN	NaN
36	5.343444523564131431e-04	2.852098966993101473e-08	NaN	NaN	NaN	NaN
37	4.725228591650257586e-04	1.889588531405145017e-08	NaN	NaN	NaN	NaN
38	4.209627520534260300e-04	1.251688142929339943e-08	NaN	NaN	NaN	NaN
39	3.725989036102176559e-04	8.290197377463740666e-09	NaN	NaN	NaN	NaN
40	3.320713537237688349e-04	NaN	NaN	NaN	NaN	NaN
41	2.941456994529941644e-04	NaN	NaN	NaN	NaN	NaN
42	2.622303970044149806e-04	NaN	NaN	NaN	NaN	NaN
43	2.324328932170200963e-04	NaN	NaN	NaN	NaN	NaN
44	2.072621531656714390e-04	NaN	NaN	NaN	NaN	NaN
45	1.838138537437339489e-04	NaN	NaN	NaN	NaN	NaN
46	1.639382480670452868e-04	NaN	NaN	NaN	NaN	NaN
47	1.454620545542207439e-04	NaN	NaN	NaN	NaN	NaN
48	1.297517860122590757e-04	NaN	NaN	NaN	NaN	NaN
49	1.151771738121982889e-04	NaN	NaN	NaN	NaN	NaN
50	1.027484699122716374e-04	NaN	NaN	NaN	NaN	NaN
51	9.124030583555955553e-05	NaN	NaN	NaN	NaN	NaN
52	8.139976353675468029e-05	NaN	NaN	NaN	NaN	NaN
53	7.230447427427981986e-05	NaN	NaN	NaN	NaN	NaN
54	6.450643218350000181e-05	NaN	NaN	NaN	NaN	NaN
55	5.731074336213459562e-05	NaN	NaN	NaN	NaN	NaN
56	5.112409749129880710e-05	NaN	NaN	NaN	NaN	NaN
57	4.542281861470718257e-05	NaN	NaN	NaN	NaN	NaN
58	4.050461420021288982e-05	NaN	NaN	NaN	NaN	NaN
59	3.597490656613037740e-05	NaN	NaN	NaN	NaN	NaN
60	3.204906339026413864e-05	NaN	NaN	NaN	NaN	NaN
61	2.843045375192519757e-05	NaN	NaN	NaN	NaN	NaN
62	2.527336350604107062e-05	NaN	NaN	NaN	NaN	NaN
63	2.235861125413785976e-05	NaN	NaN	NaN	NaN	NaN
64	1.980097885977822030e-05	NaN	NaN	NaN	NaN	NaN
65	1.744799629622291088e-05	NaN	NaN	NaN	NaN	NaN
66	1.539359042985172826e-05	NaN	NaN	NaN	NaN	NaN
67	1.353394495060516600e-05	NaN	NaN	NaN	NaN	NaN
68	1.193637609448433224e-05	NaN	NaN	NaN	NaN	NaN
69	1.058165073394474726e-05	NaN	NaN	NaN	NaN	NaN
70	9.490617210627071821e-06	NaN	NaN	NaN	NaN	NaN
71	8.473546607279577238e-06	NaN	NaN	NaN	NaN	NaN
72	7.586172461475790525e-06	NaN	NaN	NaN	NaN	NaN
73	6.764311664680256118e-06	NaN	NaN	NaN	NaN	NaN
74	6.048757443609731906e-06	NaN	NaN	NaN	NaN	NaN
75	5.389174655134165857e-06	NaN	NaN	NaN	NaN	NaN
76	4.815501699183038966e-06	NaN	NaN	NaN	NaN	NaN
77	4.288445362118818718e-06	NaN	NaN	NaN	NaN	NaN
78	3.830161923041600568e-06	NaN	NaN	NaN	NaN	NaN
79	3.410105487218024026e-06	NaN	NaN	NaN	NaN	NaN
80	3.044793139284594012e-06	NaN	NaN	NaN	NaN	NaN
81	2.710536501289903257e-06	NaN	NaN	NaN	NaN	NaN
82	2.419714603556606977e-06	NaN	NaN	NaN	NaN	NaN
83	2.153977807229669709e-06	NaN	NaN	NaN	NaN	NaN
84	1.922639039374622633e-06	NaN	NaN	NaN	NaN	NaN
85	1.711488912023328193e-06	NaN	NaN	NaN	NaN	NaN
86	1.527552836686246831e-06	NaN	NaN	NaN	NaN	NaN
87	1.359826005514253483e-06	NaN	NaN	NaN	NaN	NaN
88	1.213618939166965335e-06	NaN	NaN	NaN	NaN	NaN
89	1.080405212479211345e-06	NaN	NaN	NaN	NaN	NaN
90	9.642052815059789534e-07	NaN	NaN	NaN	NaN	NaN
91	8.584092096920361463e-07	NaN	NaN	NaN	NaN	NaN
92	7.660644480134239440e-07	NaN	NaN	NaN	NaN	NaN
93	6.820434529427620301e-07	NaN	NaN	NaN	NaN	NaN
94	6.086584343380919130e-07	NaN	NaN	NaN	NaN	NaN
95	5.419290047711720640e-07	NaN	NaN	NaN	NaN	NaN
96	4.836109520203043721e-07	NaN	NaN	NaN	NaN	NaN
97	4.306121831515622988e-07	NaN	NaN	NaN	NaN	NaN
98	3.842668953765543717e-07	NaN	NaN	NaN	NaN	NaN
99	3.421713147257995581e-07	NaN	NaN	NaN	NaN	NaN
100	3.053398976768817663e-07	NaN	NaN	NaN	NaN	NaN
