1	7.836835245082697243e-01	4.268599049170241910e-01	2.947474964549476328e-01	2.264717993661206907e-01	1.844623919157123149e-01	1.552224446612980313e-01
2	2.051690363130299344e-01	8.239254873099752241e-02	4.940468503503184228e-02	3.519445877179949722e-02	2.742351709378488753e-02	2.248639078213289511e-02
3	9.650061097891533823e-02	3.383187086271499666e-02	2.014044236690260350e-02	1.453181167753186433e-02	9.040259790181843710e-03	4.920139323288441613e-03
4	6.091066766758423262e-02	2.016420148877541910e-02	1.065373594367769773e-02	3.902359316992720911e-03	1.659367591012910837e-03	7.279239608903272703e-04
5	4.267601534041270267e-02	1.453271255748564243e-02	3.818756161518773156e-03	1.165529734560749034e-03	3.627697230667919158e-04	1.088297312145588571e-04
6	3.396755853736825592e-02	8.657777442493313005e-03	1.657173848139469746e-03	3.683412215264922481e-04	7.662339423038676733e-05	1.410326076392132049e-05
7	2.831050742419103858e-02	4.850903763526929341e-03	7.574983944515959562e-04	1.150862589677646339e-04	1.482100115012426757e-05	3.234075975910775005e-06
8	2.500810201707254557e-02	2.980135636408518408e-03	3.498318558375708887e-04	3.523099136230339206e-05	3.412223628356182301e-06	2.136100789472551926e-07
9	2.182377835645610623e-02	1.910600685247213068e-03	1.613800630865850857e-04	9.875974593291702506e-06	5.384539995520107447e-07	2.529734014296604969e-08
10	1.989027354944012879e-02	1.248761836582434111e-03	7.413588872466681022e-05	2.984556267590768684e-06	1.006024323109595677e-07	2.950124472949625563e-09
11	1.769597184604245269e-02	8.240414363662246959e-04	3.383270313383563772e-05	8.805005051387304527e-07	1.859287098382722112e-08	NaN
12	1.557993132327661207e-02	5.465673191693759059e-04	1.478822750440390423e-05	2.571899973564759114e-07	3.409110041352091851e-09	NaN
13	1.308171702604845298e-02	3.634166178787416926e-04	6.552437866562978831e-06	7.468519447780235104e-08	NaN	NaN
14	1.089915351303447771e-02	2.419736107102511235e-04	2.991116730531039639e-06	2.159101575118492180e-08	NaN	NaN
15	9.138629674155272081e-03	1.611919427439603800e-04	1.350408790008290902e-06	6.219788533936605838e-09	NaN	NaN
16	7.660896292983203175e-03	1.074073179224944931e-04	6.071883830672441294e-07	NaN	NaN	NaN
17	6.392761188877767869e-03	7.155395296706818344e-05	2.723587592450957957e-07	NaN	NaN	NaN
18	5.495668240225338314e-03	4.764325105444308775e-05	1.219516380165940267e-07	NaN	NaN	NaN
19	4.690646140414164375e-03	3.163747431487238095e-05	5.452289732123961579e-08	NaN	NaN	NaN
20	4.081055534758824994e-03	2.077844168713606070e-05	2.434528726162987853e-08	NaN	NaN	NaN
21	3.520022586846158728e-03	1.332240316463424955e-05	1.085823942528010750e-08	NaN	NaN	NaN
22	3.086073824344194409e-03	8.704917919320509398e-06	4.838167857014627035e-09	NaN	NaN	NaN
23	2.680870001138438864e-03	5.853267469774091532e-06	NaN	NaN	NaN	NaN
24	2.362341192479223972e-03	3.909183386734908936e-06	NaN	NaN	NaN	NaN
25	2.062563343432436032e-03	2.602653378516507721e-06	NaN	NaN	NaN	NaN
26	1.823822649686415893e-03	1.730189875176390356e-06	NaN	NaN	NaN	NaN
27	1.598283749642605842e-03	1.149248630546629276e-06	NaN	NaN	NaN	NaN
28	1.416711883458205432e-03	7.629818122239664454e-07	NaN	NaN	NaN	NaN
29	1.244972994422894946e-03	5.063591217312753901e-07	NaN	NaN	NaN	NaN
30	1.105437477700012272e-03	3.359499557745351156e-07	NaN	NaN	NaN	NaN
31	9.735121127933302849e-04	2.228356757012440021e-07	NaN	NaN	NaN	NaN
32	8.654736886989367051e-04	1.477719907437143282e-07	NaN	NaN	NaN	NaN
33	7.634690621067139957e-04	9.797431214785458510e-08	NaN	NaN	NaN	NaN
34	6.793571359489283378e-04	6.494436225775862946e-08	NaN	NaN	NaN	NaN
35	6.000970910886284588e-04	4.304216587029606414e-08	NaN	NaN	NaN	NaN
36	5.343444487815298067e-04	2.852100004386638820e-08	NaN	NaN	NaN	NaN
37	4.725228548610990774e-04	1.889589373918556406e-08	NaN	NaN	NaN	NaN
38	4.209627473916782627e-04	1.251688750620630575e-08	NaN	NaN	NaN	NaN
39	3.725988987715138367e-04	8.290202009702251202e-09	NaN	NaN	NaN	NaN
40	3.320713509828704521e-04	NaN	NaN	NaN	NaN	NaN
41	2.941456955273286534e-04	NaN	NaN	NaN	NaN	NaN
42	2.622303945406919616e-04	NaN	NaN	NaN	NaN	NaN
43	2.324328909968381316e-04	NaN	NaN	NaN	NaN	NaN
44	2.072621514938412842e-04	NaN	NaN	NaN	NaN	NaN
45	1.838138515988903200e-04	NaN	NaN	NaN	NaN	NaN
46	1.639382465245259465e-04	NaN	NaN	NaN	NaN	NaN
47	1.454620529169759066e-04	NaN	NaN	NaN	NaN	NaN
48	1.297517850921877920e-04	NaN	NaN	NaN	NaN	NaN
49	1.151771733083583043e-04	NaN	NaN	NaN	NaN	NaN
50	1.027484692648676862e-04	NaN	NaN	NaN	NaN	NaN
51	9.124030520216365903e-05	NaN	NaN	NaN	NaN	NaN
52	8.139976323264826305e-05	NaN	NaN	NaN	NaN	NaN
53	7.230447425234413309e-05	NaN	NaN	NaN	NaN	NaN
54	6.450643238360401395e-05	NaN	NaN	NaN	NaN	NaN
55	5.731074341971352368e-05	NaN	NaN	NaN	NaN	NaN
56	5.112409785335348588e-05	NaN	NaN	NaN	NaN	NaN
57	4.542281886477808839e-05	NaN	NaN	NaN	NaN	NaN
58	4.050461472754462848e-05	NaN	NaN	NaN	NaN	NaN
59	3.597490714442842731e-05	NaN	NaN	NaN	NaN	NaN
60	3.204906433714698312e-05	NaN	NaN	NaN	NaN	NaN
61	2.843045455167357070e-05	NaN	NaN	NaN	NaN	NaN
62	2.527336436791997111e-05	NaN	NaN	NaN	NaN	NaN
63	2.235861152273488725e-05	NaN	NaN	NaN	NaN	NaN
64	1.980097830355963593e-05	NaN	NaN	NaN	NaN	NaN
65	1.744799422701843311e-05	NaN	NaN	NaN	NaN	NaN
66	1.539358674136456675e-05	NaN	NaN	NaN	NaN	NaN
67	1.353393992812099455e-05	NaN	NaN	NaN	NaN	NaN
68	1.193637052896798714e-05	NaN	NaN	NaN	NaN	NaN
69	1.058164815970383222e-05	NaN	NaN	NaN	NaN	NaN
70	9.490615399064966458e-06	NaN	NaN	NaN	NaN	NaN
71	8.473545215243398799e-06	NaN	NaN	NaN	NaN	NaN
72	7.586171528179381619e-06	NaN	NaN	NaN	NaN	NaN
73	6.764310951226945744e-06	NaN	NaN	NaN	NaN	NaN
74	6.048756953446494386e-06	NaN	NaN	NaN	NaN	NaN
75	5.389174251849368942e-06	NaN	NaN	NaN	NaN	NaN
76	4.815501421706737041e-06	NaN	NaN	NaN	NaN	NaN
77	4.288445132554185831e-06	NaN	NaN	NaN	NaN	NaN
78	3.830161773731171876e-06	NaN	NaN	NaN	NaN	NaN
79	3.410105363486081128e-06	NaN	NaN	NaN	NaN	NaN
80	3.044793061960458046e-06	NaN	NaN	NaN	NaN	NaN
81	2.710536431995856048e-06	NaN	NaN	NaN	NaN	NaN
82	2.419714570947335215e-06	NaN	NaN	NaN	NaN	NaN
83	2.153977771006950312e-06	NaN	NaN	NaN	NaN	NaN
84	1.922639037225672940e-06	NaN	NaN	NaN	NaN	NaN
85	1.711488896109951230e-06	NaN	NaN	NaN	NaN	NaN
86	1.527552842987058958e-06	NaN	NaN	NaN	NaN	NaN
87	1.359826001734437778e-06	NaN	NaN	NaN	NaN	NaN
88	1.213618952007762892e-06	NaN	NaN	NaN	NaN	NaN
89	1.080405228255507249e-06	NaN	NaN	NaN	NaN	NaN
90	9.642053006000292197e-07	NaN	NaN	NaN	NaN	NaN
91	8.584092237423178727e-07	NaN	NaN	NaN	NaN	NaN
92	7.660644633914574498e-07	NaN	NaN	NaN	NaN	NaN
93	6.820434678383703560e-07	NaN	NaN	NaN	NaN	NaN
94	6.086584502523159091e-07	NaN	NaN	NaN	NaN	NaN
95	5.419290210023399071e-07	NaN	NaN	NaN	NaN	NaN
96	4.836109699577037263e-07	NaN	NaN	NaN	NaN	NaN
97	4.306121998937389780e-07	NaN	NaN	NaN	NaN	NaN
98	3.842669124905013818e-07	NaN	NaN	NaN	NaN	NaN
99	3.421713296674143726e-07	NaN	NaN	NaN	NaN	NaN
