1	7.836835246008488909e-01	4.268599046378459549e-01	2.947474965062877317e-01	2.264717993783002814e-01	1.844623919874237850e-01	1.552224447305820820e-01
2	2.053463647530709701e-01	8.280466096434035972e-02	5.011058978320326318e-02	3.675064199894688410e-02	3.071432365889565502e-02	2.927660909127439981e-02
3	9.668684803699169328e-02	3.441694643879044530e-02	2.174317713722185089e-02	1.770894234477365589e-02	1.400359030857176341e-02	1.259714947546231902e-02
4	6.107867025343886869e-02	2.072036527544696138e-02	1.194958827180114987e-02	7.369965420200296456e-03	5.189746275710812977e-03	3.134174655550417757e-03
5	4.282908397734590256e-02	1.496725938300723022e-02	5.215763065733702332e-03	2.302479286058417909e-03	1.114199046519660915e-03	5.378379613957638824e-04
6	3.409189216667264655e-02	9.107560415548440064e-03	2.268077466645360661e-03	7.494227037882157704e-04	2.626791121699384142e-04	8.718889388304014389e-05
7	2.842157310130629180e-02	5.195666314331119987e-03	1.044955879577347561e-03	2.486853208896548087e-04	5.804037183770176277e-05	1.261911867605845586e-05
8	2.511715456128296026e-02	3.217050199908123853e-03	4.905909377598037871e-04	8.126504132057478502e-05	1.202021176541315973e-05	1.776883687816219471e-06
9	2.193219110053046261e-02	2.068018138422172188e-03	2.314043725046991469e-04	2.450647703079502493e-05	2.525891804224877666e-06	2.403200340521161256e-07
10	1.999422229173161009e-02	1.355415476909054354e-03	1.089506891254163909e-04	7.657143943276736441e-06	5.151125960947102530e-07	3.146338977851973125e-08
11	1.779352311190843944e-02	8.972443537490448718e-04	5.096300609937894983e-05	2.402846189720191291e-06	1.027176116267119076e-07	4.035844152543454314e-09
12	1.567386653928613816e-02	5.973496668854598891e-04	2.302010637327001481e-05	7.394998158358014376e-07	2.016513983319900685e-08	NaN
13	1.316846291213215336e-02	3.988058884314850784e-04	1.025937781298164592e-05	2.247736577811610724e-07	3.914186287604165159e-09	NaN
14	1.097922304601047644e-02	2.667122089668650287e-04	4.809267105973464742e-06	6.775551237703311004e-08	NaN	NaN
15	9.207410188132229487e-03	1.785088277494525509e-04	2.227058586505555153e-06	2.029026753388356379e-08	NaN	NaN
16	7.723228827335475687e-03	1.195300755353011202e-04	1.024949662373272459e-06	6.044298771748290897e-09	NaN	NaN
17	6.449763303694189438e-03	8.003537532303561927e-05	4.699016924796249840e-07	NaN	NaN	NaN
18	5.546705503054367124e-03	5.356461228531591786e-05	2.148236790480217839e-07	NaN	NaN	NaN
19	4.736195490499816446e-03	3.576253107833324106e-05	9.794448095596820114e-08	NaN	NaN	NaN
20	4.122005024239453960e-03	2.364409946860139815e-05	4.457429819064312985e-08	NaN	NaN	NaN
21	3.556739904908918365e-03	1.528764284829104260e-05	2.024795489408400185e-08	NaN	NaN	NaN
22	3.119248831236842625e-03	9.982252959892194469e-06	9.185162430455403481e-09	NaN	NaN	NaN
23	2.710702627878682370e-03	6.748036364758936232e-06	NaN	NaN	NaN	NaN
24	2.389361068568773491e-03	4.532568459251825075e-06	NaN	NaN	NaN	NaN
25	2.086927371477664307e-03	3.035363999690533596e-06	NaN	NaN	NaN	NaN
26	1.845953291802441155e-03	2.029090377829458613e-06	NaN	NaN	NaN	NaN
27	1.618274105909084729e-03	1.355445511249523412e-06	NaN	NaN	NaN	NaN
28	1.434888733132462773e-03	9.049996264952174261e-07	NaN	NaN	NaN	NaN
29	1.261411583578209671e-03	6.039319053652855630e-07	NaN	NaN	NaN	NaN
30	1.120400214875103299e-03	4.029266084693855837e-07	NaN	NaN	NaN	NaN
31	9.870602791707762304e-04	2.687198671737969009e-07	NaN	NaN	NaN	NaN
32	8.778144390112408617e-04	1.791828676139657879e-07	NaN	NaN	NaN	NaN
33	7.746496186320824939e-04	1.194480688294544266e-07	NaN	NaN	NaN	NaN
34	6.895428248423510166e-04	7.961356976284264909e-08	NaN	NaN	NaN	NaN
35	6.093285754928326600e-04	5.304867392036688177e-08	NaN	NaN	NaN	NaN
36	5.427567564430541697e-04	3.534001645403044110e-08	NaN	NaN	NaN	NaN
37	4.801481343840605857e-04	2.353920032920973187e-08	NaN	NaN	NaN	NaN
38	4.279102614979506678e-04	1.567563094934690934e-08	NaN	NaN	NaN	NaN
39	3.789010742178063355e-04	1.043632455572467218e-08	NaN	NaN	NaN	NaN
40	3.378125592011017625e-04	6.947298839200095244e-09	NaN	NaN	NaN	NaN
41	2.993506816963530516e-04	NaN	NaN	NaN	NaN	NaN
42	2.669721391738116671e-04	NaN	NaN	NaN	NaN	NaN
43	2.367322536044302308e-04	NaN	NaN	NaN	NaN	NaN
44	2.111756314120894395e-04	NaN	NaN	NaN	NaN	NaN
45	1.873616442791602795e-04	NaN	NaN	NaN	NaN	NaN
46	1.671670370186899464e-04	NaN	NaN	NaN	NaN	NaN
47	1.483889650982345404e-04	NaN	NaN	NaN	NaN	NaN
48	1.324152973542156440e-04	NaN	NaN	NaN	NaN	NaN
49	1.175905368051574174e-04	NaN	NaN	NaN	NaN	NaN
50	1.049446269322724706e-04	NaN	NaN	NaN	NaN	NaN
51	9.322973472996091103e-05	NaN	NaN	NaN	NaN	NaN
52	8.320926486072384356e-05	NaN	NaN	NaN	NaN	NaN
53	7.394364821879323771e-05	NaN	NaN	NaN	NaN	NaN
54	6.599670479224066489e-05	NaN	NaN	NaN	NaN	NaN
55	5.866048693627618296e-05	NaN	NaN	NaN	NaN	NaN
56	5.235060120526548118e-05	NaN	NaN	NaN	NaN	NaN
57	4.653295042163183861e-05	NaN	NaN	NaN	NaN	NaN
58	4.151300961658588231e-05	NaN	NaN	NaN	NaN	NaN
59	3.688766429761930775e-05	NaN	NaN	NaN	NaN	NaN
60	3.287774745851015641e-05	NaN	NaN	NaN	NaN	NaN
61	2.917980656751345138e-05	NaN	NaN	NaN	NaN	NaN
62	2.595289620253398623e-05	NaN	NaN	NaN	NaN	NaN
63	2.297268679228746247e-05	NaN	NaN	NaN	NaN	NaN
64	2.035703583940640573e-05	NaN	NaN	NaN	NaN	NaN
65	1.794909346800541025e-05	NaN	NaN	NaN	NaN	NaN
66	1.584550725445242614e-05	NaN	NaN	NaN	NaN	NaN
67	1.393968533997392440e-05	NaN	NaN	NaN	NaN	NaN
68	1.230116428701381236e-05	NaN	NaN	NaN	NaN	NaN
69	1.090710427769385328e-05	NaN	NaN	NaN	NaN	NaN
70	9.786687704035596677e-06	NaN	NaN	NaN	NaN	NaN
71	8.741693918960036301e-06	NaN	NaN	NaN	NaN	NaN
72	7.829818442944897191e-06	NaN	NaN	NaN	NaN	NaN
73	6.984822283976118297e-06	NaN	NaN	NaN	NaN	NaN
74	6.248867976129863162e-06	NaN	NaN	NaN	NaN	NaN
75	5.570110162358649478e-06	NaN	NaN	NaN	NaN	NaN
76	4.979530172683096606e-06	NaN	NaN	NaN	NaN	NaN
77	4.436675321278599263e-06	NaN	NaN	NaN	NaN	NaN
78	3.964483205568762157e-06	NaN	NaN	NaN	NaN	NaN
79	3.531457840368588020e-06	NaN	NaN	NaN	NaN	NaN
80	3.154690132053146913e-06	NaN	NaN	NaN	NaN	NaN
81	2.809769473027674142e-06	NaN	NaN	NaN	NaN	NaN
82	2.509570593770285435e-06	NaN	NaN	NaN	NaN	NaN
83	2.235084114370366607e-06	NaN	NaN	NaN	NaN	NaN
84	1.996060386418282993e-06	NaN	NaN	NaN	NaN	NaN
85	1.777746415369544658e-06	NaN	NaN	NaN	NaN	NaN
86	1.587509465207306838e-06	NaN	NaN	NaN	NaN	NaN
87	1.413926306108669936e-06	NaN	NaN	NaN	NaN	NaN
88	1.262555445846639333e-06	NaN	NaN	NaN	NaN	NaN
89	1.124552331765860701e-06	NaN	NaN	NaN	NaN	NaN
90	1.004132724546815632e-06	NaN	NaN	NaN	NaN	NaN
91	8.944278390685157990e-07	NaN	NaN	NaN	NaN	NaN
92	7.986296332332860993e-07	NaN	NaN	NaN	NaN	NaN
93	7.114186861702563737e-07	NaN	NaN	NaN	NaN	NaN
94	6.352056040058730848e-07	NaN	NaN	NaN	NaN	NaN
95	5.658628368276677922e-07	NaN	NaN	NaN	NaN	NaN
96	5.052373015086585775e-07	NaN	NaN	NaN	NaN	NaN
97	4.501139702939588140e-07	NaN	NaN	NaN	NaN	NaN
98	4.018823668747614203e-07	NaN	NaN	NaN	NaN	NaN
99	3.580513777880776266e-07	NaN	NaN	NaN	NaN	NaN
100	3.196854115753047270e-07	NaN	NaN	NaN	NaN	NaN
