0 0.078147995169 0.11919956725
0.01 0.078147995169 0.11919956725
0.02 0.15619792094 0.23809719135
0.03 0.234051893296667 0.3563918222
0.04 0.31161239855 0.473784192925
0.05 0.38878247742 0.58997770454
0.06 0.465465907816667 0.7046793019
0.07 0.541567385842857 0.817600338657143
0.08 0.6169927047625 0.928457428
0.09 0.691648931233333 1.03697327691111
0.1 0.76544457872 1.142877501
0.11 0.838289777418182 1.24590741727273
0.12 0.910096440416667 1.34580881308333
0.13 0.980778425769231 1.44233668738462
0.14 1.05025169385714 1.53525596364286
0.15 1.11843446026667 1.62434217073333
0.16 1.1852473428125 1.709382090875
0.17 1.25061350352941 1.79017437147059
0.18 1.31445878461111 1.86653009972222
0.19 1.37671183815789 1.93827333857895
0.2 1.4373042492 2.0052416203
0.21 1.4961706527619 2.06728639961905
0.22 1.55324884281818 2.12427346122727
0.23 1.60847987521739 2.1760832836087
0.24 1.66180816220833 2.22261135583333
0.25 1.71318156012 2.263768448
0.26 1.76255144857692 2.29948083338462
0.27 1.80987280266667 2.3296904627037
0.28 1.85510425596429 2.35435508828571
0.29 1.89820815637931 2.37344834013793
0.3 1.93915061313333 2.38695975236667
0.31 1.97790153587097 2.39489473987097
0.32 2.014434665 2.39727452565625
0.33 2.04872759363636 2.39413601966667
0.34 2.08076178238235 2.38553164961765
0.35 2.11052256302857 2.37152914262857
0.36 2.13799913772222 2.35221126036111
0.37 2.16318456608108 2.32767548921622
0.38 2.18607574676316 2.298033685
0.39 2.20667339010256 2.2634116701282
0.4 2.224981982425 2.223948794775
0.41 2.24100974302439 2.17979745292683
0.42 2.25476857352381 2.13112255964286
0.43 2.26627399948837 2.07810099081395
0.44 2.27554510477273 2.02092098693182
0.45 2.28260445933333 1.95978152291111
0.46 2.28747803847826 1.8948916458913
0.47 2.2901951387234 1.82646978355319
0.48 2.29078828375 1.75474303389583
0.49 2.28929312795918 1.67994641746939
0.5 2.2857483472 1.60232207908
0.51 2.28019553313725 1.52211853872549
0.52 2.27267908384615 1.43958993396154
0.53 2.26324606509434 1.35499503373585
0.54 2.25194610740741 1.268596601
0.55 2.23883126490909 1.18066043421818
0.56 2.22395588089286 1.09145451716071
0.57 2.20737646491228 1.00124825936842
0.58 2.18915153206897 0.910311483775862
0.59 2.16934148118644 0.818913726932203
0.6 2.14800843916667 0.727323300866667
0.61 2.1252161 0.635806360327869
0.62 2.10102963016129 0.544626429725806
0.63 2.07551542539683 0.45404295631746
0.64 2.048741039375 0.364311033859375
0.65 2.02077502692308 0.275680564692308
0.66 1.99168671424242 0.188395002166667
0.67 1.96154612462687 0.102691085625373
0.68 1.93042381529412 0.0187980386676471
0.69 1.89839069782609 -0.0630633116608696
0.7 1.86551787457143 -0.142681272058571
0.71 1.83187652859155 -0.219853707535211
0.72 1.79753775861111 -0.294388757319444
0.73 1.76257244178082 -0.366105371630137
0.74 1.72705107324324 -0.434833949702703
0.75 1.69104360066667 -0.500416964906667
0.76 1.65461932960526 -0.562709209118421
0.77 1.61784676883117 -0.621578322142857
0.78 1.58079349615385 -0.67690518751282
0.79 1.54352602835443 -0.728584284987342
0.8 1.5061096945 -0.776523998375
0.81 1.46860851308642 -0.820646877925926
0.82 1.43108507378049 -0.860889856219512
0.83 1.39360042337349 -0.897204416891566
0.84 1.35621395630952 -0.929556715476191
0.85 1.31898330976471 -0.957927651694118
0.86 1.28196426395349 -0.982312892906977
0.87 1.24521064735632 -1.00272284789655
0.88 1.20877424715909 -1.01918259106818
0.89 1.17270472483146 -1.03173173640449
0.9 1.13704953766667 -1.04042426128889
0.91 1.10185386549451 -1.04532827985714
0.92 1.06716054357609 -1.04652576604348
0.93 1.03301000110753 -1.04411222651613
0.94 0.999440205680851 -1.03819632374468
0.95 0.966486614042105 -1.02889944974737
0.96 0.934182128958333 -1.0163552515625
0.97 0.902557121412371 -1.00070908436082
0.98 0.871639230418367 -0.98211757277551
0.99 0.841453479050505 -0.96074782640404
1 0.81202223184 -0.93677681855
1.01 0.783365173851485 -0.91039068239604
1.02 0.755499305421569 -0.881783958117647
1.03 0.728438986524272 -0.851158914145631
1.04 0.702195857615385 -0.818724619211538
1.05 0.67677881627619 -0.784695766019048
1.06 0.652194166688679 -0.749292073575472
1.07 0.628445592766355 -0.712737239233645
1.08 0.605534239777778 -0.67525834237963
1.09 0.583458631110092 -0.637084218174312
1.1 0.562214715863636 -0.598443891109091
1.11 0.541796042045045 -0.559566414837838
1.12 0.522193778428571 -0.5206798121875
1.13 0.503396752159292 -0.482010169132743
1.14 0.485391390622807 -0.443777483210526
1.15 0.468162001747826 -0.406197568104348
1.16 0.451690794362069 -0.36948103575
1.17 0.435957886068376 -0.333830396803419
1.18 0.420941431161017 -0.299436649466102
1.19 0.406617781252101 -0.266481702445378
1.2 0.392961497941667 -0.235139358758333
1.21 0.379945516710744 -0.205563436214876
1.22 0.367541288336066 -0.177895062401639
1.23 0.355718765284553 -0.152263204243902
1.24 0.344446680677419 -0.128774346137097
1.25 0.333692710424 -0.107514175728
1.26 0.323423326539683 -0.0885536292063492
1.27 0.313604250984252 -0.0719370895354331
1.28 0.304200723234375 -0.0576814340265625
1.29 0.295176738124031 -0.0457845806333333
1.3 0.2864941535 -0.0361947543546154
1.31 0.278113776885496 -0.0288151504526718
1.32 0.269994978893939 -0.0235244417257576
1.33 0.262099576789474 -0.0201578168255639
1.34 0.254392315455224 -0.0185438818776119
1.35 0.246838576103704 -0.0184951457459259
1.36 0.239412482286765 -0.0198307048779412
1.37 0.232089141766423 -0.0223719428693431
1.38 0.224849175565217 -0.0259507507253623
1.39 0.21767916323741 -0.0304253654920863
1.4 0.210566284557143 -0.0356530039992857
1.41 0.203505138297872 -0.0415311587453901
1.42 0.19649071793662 -0.0479611357873239
1.43 0.189521298601399 -0.054864261220979
1.44 0.182597662298611 -0.0621839083840278
1.45 0.175720793117241 -0.0698627017034483
1.46 0.168894292061644 -0.0778707175684931
1.47 0.162121376653061 -0.0861739349659864
1.48 0.15540633897973 -0.0947521988108108
1.49 0.148753432375839 -0.103587382006711
1.5 0.142167165453333 -0.11266511004
1.51 0.135651831483444 -0.121974049086093
1.52 0.129211859611842 -0.131502694197368
1.53 0.122851154137255 -0.141240608437908
1.54 0.116573756467532 -0.15117668762987
1.55 0.110383167948387 -0.1612986526
1.56 0.104282895557692 -0.171593541705128
1.57 0.0982760559872611 -0.18204659210828
1.58 0.0923656324810126 -0.192641844702532
1.59 0.0865543827610063 -0.203361868672956
1.6 0.08084484068125 -0.21418761651875
1.61 0.0752394387701863 -0.225099085428571
1.62 0.0697403462160494 -0.236074634339506
1.63 0.0643497060490798 -0.247091989558282
1.64 0.059069394327439 -0.25812766075
1.65 0.0539012976848485 -0.269157552975758
1.66 0.0488470500433735 -0.280157114668675
1.67 0.0439083088251497 -0.291100977748503
1.68 0.0390864971928571 -0.301964250833333
1.69 0.0343830626538462 -0.312720895946746
1.7 0.0297992337017647 -0.323346286194118
1.71 0.0253362586046784 -0.333814338046784
1.72 0.0209951770401163 -0.344101159534884
1.73 0.0167770403589595 -0.35418124249711
1.74 0.012682699558046 -0.364031767603448
1.75 0.00871300399828571 -0.373628402428571
1.76 0.00486861394142045 -0.382949616397727
1.77 0.00115016573655367 -0.39197281940113
1.78 -0.00244187296893258 -0.400677882179775
1.79 -0.00590709396145251 -0.409044476407821
1.8 -0.00924522274888889 -0.417053907544444
1.81 -0.0124560962198895 -0.424688564801105
1.82 -0.01553963225 -0.431931173642857
1.83 -0.0184959289661202 -0.43876721079235
1.84 -0.021325095573913 -0.445180796146739
1.85 -0.0240275037183784 -0.451160750632432
1.86 -0.0266034545413978 -0.456692594048387
1.87 -0.0290535799951872 -0.461768159176471
1.88 -0.0313784331553192 -0.466375778505319
1.89 -0.0335788439862434 -0.470508826973545
1.9 -0.0356556532984211 -0.474159306036842
1.91 -0.0376098707921466 -0.477321718
1.92 -0.0394426302765625 -0.479991936755208
1.93 -0.0411551172393782 -0.482165480041451
1.94 -0.0427487469247423 -0.483842007845361
1.95 -0.0442248890010256 -0.48501818774359
1.96 -0.0455851927979592 -0.485696496994898
1.97 -0.04683128525533 -0.485876810959391
1.98 -0.0479649661914141 -0.485562253893939
1.99 -0.0489881248522613 -0.484756500623116
2 -0.0499027172025 -0.483463274375
2.01 -0.050710853721393 -0.481689592572139
2.02 -0.0514146726039604 -0.479440376519802
2.03 -0.0520164492167488 -0.476724617137931
2.04 -0.0525185219852941 -0.47355012797549
2.05 -0.0529233050926829 -0.469926203960976
2.06 -0.0532332921116505 -0.465863674699029
2.07 -0.0534510687487923 -0.461372399014493
2.08 -0.0535792336298077 -0.456465184807692
2.09 -0.053620513 -0.451153890172249
2.1 -0.0535776381142857 -0.445451713842857
2.11 -0.0534533880758294 -0.43937265736019
2.12 -0.0532506850849057 -0.43293050459434
2.13 -0.0529723210140845 -0.426140524812207
2.14 -0.0526212941214953 -0.419017876018692
2.15 -0.0522005372604651 -0.41157826392093
2.16 -0.0517129661574074 -0.40383787512963
2.17 -0.0511617527741935 -0.395813320147465
2.18 -0.0505497344770642 -0.387521152752294
2.19 -0.0498800245068493 -0.378978611757991
2.2 -0.0491556935136364 -0.370203005372727
2.21 -0.0483796374570136 -0.361211372466063
2.22 -0.0475550890675676 -0.35202196827027
2.23 -0.0466849167443946 -0.342651836600897
2.24 -0.0457721057589286 -0.333118579973214
2.25 -0.0448198628488889 -0.323440796626667
2.26 -0.0438308855871681 -0.313634914022124
2.27 -0.0428082617361234 -0.303719204933921
2.28 -0.0417549336776316 -0.293711251513158
2.29 -0.0406735706393013 -0.283627312951965
2.3 -0.0395672775547826 -0.273485929352174
2.31 -0.0384386678095238 -0.263303003545455
2.32 -0.0372903703202586 -0.253094527616379
2.33 -0.0361254629824034 -0.242879015570815
2.34 -0.0349461922478633 -0.232670226269231
2.35 -0.0337551990876596 -0.222484177940426
2.36 -0.0325552684021186 -0.212337722542373
2.37 -0.0313484829320675 -0.202243503738397
2.38 -0.0301373996684874 -0.192217000436975
2.39 -0.0289244517464435 -0.182272898799163
2.4 -0.0277115726266667 -0.172422777191667
2.41 -0.0265011885219917 -0.162681252248963
2.42 -0.0252953721822314 -0.153060674706612
2.43 -0.0240958888069959 -0.143571419205761
2.44 -0.0229049972245902 -0.134226970959016
2.45 -0.0217244185526531 -0.125037322628571
2.46 -0.0205557283036585 -0.116011493264228
2.47 -0.0194009839032389 -0.107161583024291
2.48 -0.0182615770919355 -0.0984953234274194
2.49 -0.0171388720240964 -0.0900202264899598
2.5 -0.0160346946576 -0.081746781756
2.51 -0.0149501395796813 -0.0736806478844622
2.52 -0.0138863397456349 -0.0658276937936508
2.53 -0.0128448643833992 -0.058196609743083
2.54 -0.0118265498850394 -0.0507912333582677
2.55 -0.0108322818843137 -0.0436156843176471
2.56 -0.00986335298945312 -0.0366767084871094
2.57 -0.00892038392023346 -0.0299766096412451
2.58 -0.00800400229379845 -0.0235176956445736
2.59 -0.0071152102011583 -0.0173046730694981
2.6 -0.00625445534115385 -0.0113386040861538
2.61 -0.00542210362950192 -0.00561997844329502
2.62 -0.00461885966335878 -0.00015142730971374
2.63 -0.00384503698060837 0.00506696491939164
2.64 -0.00310074459121212 0.0100364652628788
2.65 -0.00238639091784906 0.0147564839750943
2.66 -0.00170218600770677 0.0192277148661654
2.67 -0.00104799652857678 0.0234530435483146
2.68 -0.000423946063395522 0.0274338047354478
2.69 0.00016984080601487 0.0311713692702602
2.7 0.000733714575814815 0.0346700218611111
2.71 0.0012678134801845 0.037932810797048
2.72 0.00177209672209559 0.0409618068713235
2.73 0.00224709605608059 0.043762395025641
2.74 0.00269313550806569 0.0463388188430657
2.75 0.00311039482385455 0.0486946241527273
2.76 0.00349942133028986 0.0508353120978261
2.77 0.00386072567906137 0.0527662438122744
2.78 0.00419471455143885 0.0544923621366907
2.79 0.00450192558853047 0.0560192272293907
2.8 0.00478301973892857 0.0573529840714286
2.81 0.00503858167651246 0.0584995493238434
2.82 0.00526917821808511 0.0594648862624114
2.83 0.00547556235265018 0.0602554634134276
2.84 0.00565842724542254 0.0608777015669014
2.85 0.00581844830561403 0.0613382981192982
2.86 0.00595638641818182 0.0616437027482518
2.87 0.00607300488675958 0.0618005392752613
2.88 0.00616907857847222 0.0618158299270833
2.89 0.0062453908083045 0.0616964628304498
2.9 0.0063027242537931 0.061448775762069
2.91 0.00634188315429553 0.0610795732199313
2.92 0.00636374315308219 0.0605966500445205
2.93 0.00636905165187713 0.0600057449180887
2.94 0.0063586180037415 0.0593134426258503
2.95 0.00633331908169491 0.0585270828
2.96 0.00629397921858108 0.0576533322804054
2.97 0.00624133597643098 0.0566977812895623
2.98 0.00617619910939597 0.0556668187248322
2.99 0.00609952557090301 0.0545683301672241
3 0.00601196130866667 0.0534069285766667
3.01 0.00591426679734219 0.0521883835149502
3.02 0.0058072918807947 0.0509193071887417
3.03 0.0056918588049505 0.0496060201683168
3.04 0.00556856463585526 0.0482526514703947
3.05 0.00543813747016393 0.0468645638491803
3.06 0.00530147007875817 0.0454485920816993
3.07 0.00515914724462541 0.0440087590846906
3.08 0.00501176733246753 0.0425491903863636
3.09 0.00486001282977346 0.041074746789644
3.1 0.00470475131580645 0.0395918680967742
3.11 0.00454635151897106 0.0381026778102894
3.12 0.0043853997375 0.0366111583878205
3.13 0.00422257938658147 0.0351220774185304
3.14 0.00405852479649682 0.0336397856146497
3.15 0.00389357758793651 0.0321662138444444
3.16 0.00372824336677215 0.030704627868038
3.17 0.00356318592208202 0.0292595214835962
3.18 0.00339880982106918 0.0278333474556604
3.19 0.00323542949498433 0.0264278417667712
3.2 0.0030734648829375 0.0250455558996875
3.21 0.0029135371046729 0.0236905260155763
3.22 0.00275584724285714 0.0223636613083851
3.23 0.00260067574179567 0.021066451323839
3.24 0.00244835544111111 0.0198007657743827
3.25 0.00229944330255385 0.0185700300596923
3.26 0.0021539762393865 0.0173740361315951
3.27 0.00201219062333333 0.016213959648318
3.28 0.00187435106481707 0.0150911571935976
3.29 0.00174088168164134 0.0140080094841945
3.3 0.00161175051969697 0.0129639464578788
3.31 0.00148712247238671 0.0119596632981873
3.32 0.00136719264722892 0.0109960270310241
3.33 0.00125225751948949 0.0100744929276276
3.34 0.00114224132434132 0.0091943328742515
3.35 0.00103723495874627 0.00835578911402985
3.36 0.000937358406428571 0.00755924862410714
3.37 0.000842810489406528 0.00680549859495549
3.38 0.000753471443816568 0.00609368561005917
3.39 0.000669365382566372 0.00542369044719764
3.4 0.000590536114764706 0.00479547350970588
3.41 0.000517110161847507 0.00420934526187683
3.42 0.00044892486377193 0.00366437023450292
3.43 0.000385945178163265 0.0031601557335277
3.44 0.000328141702645349 0.00269632201636628
3.45 0.000275587811402899 0.00227282612144928
3.46 0.000228080278586705 0.00188869712552023
3.47 0.000185532242247839 0.00154334618253602
3.48 0.00014785530379023 0.00123617347408046
3.49 0.00011505739295702 0.00096679689
3.5 8.69231438228572e-05 0.000734305164514286
3.51 6.33117540541311e-05 0.000537953882507122
3.52 4.40889937443182e-05 0.000377006604943182
3.53 3.02522920084986e-05 0.000260531798473088
3.54 2.05443307313559e-05 0.000178077759785311
3.55 1.38915639476056e-05 0.000120789327529577
3.56 9.60739821151685e-06 8.31673521629213e-05
3.57 6.2178083442577e-06 5.35572184201681e-05
3.58 3.32534810111732e-06 2.87162360502793e-05
3.59 1.44972732103064e-06 1.25677376281337e-05
3.6 3.88150392e-07 3.38699403805556e-06
3.61 -1.44703453249307e-07 -1.24514591404432e-06
3.62 -4.97598293480663e-07 -4.28173943370166e-06
3.63 -5.27665876170799e-07 -4.54046530991736e-06
3.64 -3.3709687239011e-07 -2.90065498681319e-06
3.65 -2.92344230438356e-08 -2.51556694632877e-07
3.66 0 0
3.67 0 0
3.68 0 0
3.69 0 0
3.7 0 0
3.71 0 0
3.72 0 0
3.73 0 0
3.74 0 0
3.75 0 0
3.76 0 0
3.77 0 0
3.78 0 0
3.79 0 0
3.8 0 0
3.81 0 0
3.82 0 0
3.83 0 0
3.84 0 0
3.85 0 0
3.86 0 0
3.87 0 0
3.88 0 0
3.89 0 0
3.9 0 0
3.91 0 0
3.92 0 0
3.93 0 0
3.94 0 0
3.95 0 0
3.96 0 0
3.97 0 0
3.98 0 0
3.99 0 0
4 0 0
4.01 0 0
4.02 0 0
4.03 0 0
4.04 0 0
4.05 0 0
4.06 0 0
4.07 0 0
4.08 0 0
4.09 0 0
4.1 0 0
4.11 0 0
4.12 0 0
4.13 0 0
4.14 0 0
4.15 0 0
4.16 0 0
4.17 0 0
4.18 0 0
4.19 0 0
4.2 0 0
4.21 0 0
4.22 0 0
4.23 0 0
4.24 0 0
4.25 0 0
4.26 0 0
4.27 0 0
4.28 0 0
4.29 0 0
4.3 0 0
4.31 0 0
4.32 0 0
4.33 0 0
4.34 0 0
4.35 0 0
4.36 0 0
4.37 0 0
4.38 0 0
4.39 0 0
4.4 0 0
4.41 0 0
4.42 0 0
4.43 0 0
4.44 0 0
4.45 0 0
4.46 0 0
4.47 0 0
4.48 0 0
4.49 0 0
4.5 0 0
4.51 0 0
4.52 0 0
4.53 0 0
4.54 0 0
4.55 0 0
4.56 0 0
4.57 0 0
4.58 0 0
4.59 0 0
4.6 0 0
4.61 0 0
4.62 0 0
4.63 0 0
4.64 0 0
4.65 0 0
4.66 0 0
4.67 0 0
4.68 0 0
4.69 0 0
4.7 0 0
4.71 0 0
4.72 0 0
4.73 0 0
4.74 0 0
4.75 0 0
4.76 0 0
4.77 0 0
4.78 0 0
4.79 0 0
4.8 0 0
4.81 0 0
4.82 0 0
4.83 0 0
4.84 0 0
4.85 0 0
4.86 0 0
4.87 0 0
4.88 0 0
4.89 0 0
4.9 0 0
4.91 0 0
4.92 0 0
4.93 0 0
4.94 0 0
4.95 0 0
4.96 0 0
4.97 0 0
4.98 0 0
4.99 0 0
5 0 0
5.01 0 0
5.02 0 0
5.03 0 0
5.04 0 0
5.05 0 0
5.06 0 0
5.07 0 0
5.08 0 0
5.09 0 0
5.1 0 0
5.11 0 0
5.12 0 0
5.13 0 0
5.14 0 0
5.15 0 0
5.16 0 0
5.17 0 0
5.18 0 0
5.19 0 0
5.2 0 0
5.21 0 0
5.22 0 0
5.23 0 0
5.24 0 0
5.25 0 0
5.26 0 0
5.27 0 0
5.28 0 0
5.29 0 0
5.3 0 0
5.31 0 0
5.32 0 0
5.33 0 0
5.34 0 0
5.35 0 0
5.36 0 0
5.37 0 0
5.38 0 0
5.39 0 0
5.4 0 0
5.41 0 0
5.42 0 0
5.43 0 0
5.44 0 0
5.45 0 0
5.46 0 0
5.47 0 0
5.48 0 0
5.49 0 0
5.5 0 0
5.51 0 0
5.52 0 0
5.53 0 0
5.54 0 0
5.55 0 0
5.56 0 0
5.57 0 0
5.58 0 0
5.59 0 0
5.6 0 0
5.61 0 0
5.62 0 0
5.63 0 0
5.64 0 0
5.65 0 0
5.66 0 0
5.67 0 0
5.68 0 0
5.69 0 0
5.7 0 0
5.71 0 0
5.72 0 0
5.73 0 0
5.74 0 0
5.75 0 0
5.76 0 0
5.77 0 0
5.78 0 0
5.79 0 0
5.8 0 0
5.81 0 0
5.82 0 0
5.83 0 0
5.84 0 0
5.85 0 0
5.86 0 0
5.87 0 0
5.88 0 0
5.89 0 0
5.9 0 0
5.91 0 0
5.92 0 0
5.93 0 0
5.94 0 0
5.95 0 0
5.96 0 0
5.97 0 0
5.98 0 0
5.99 0 0
6 0 0
6.01 0 0
