0 -2.8221815062 -2.2617493275
0.01 -2.8221815062 -2.2617493275
0.02 -2.8222747071 -2.26084574295
0.03 -2.8224266056 -2.25933565863333
0.04 -2.8226320605 -2.25721293305
0.05 -2.8228839002 -2.2544690162
0.06 -2.82317294966667 -2.25109299633333
0.07 -2.82348806342857 -2.247071662
0.08 -2.82381616675 -2.24238957475
0.09 -2.82414230355556 -2.23702915644444
0.1 -2.8244496915 -2.2309707887
0.11 -2.82471978372727 -2.22419292390909
0.12 -2.82493233725 -2.21667220858333
0.13 -2.82506548761538 -2.208383618
0.14 -2.82509582978571 -2.19930060135714
0.15 -2.824998505 -2.1893952374
0.16 -2.8247472929375 -2.1786383999375
0.17 -2.82431470947059 -2.16699993235294
0.18 -2.82367210916667 -2.15444883038889
0.19 -2.82278979242105 -2.14095343321053
0.2 -2.8216371171 -2.12648162105
0.21 -2.820182614 -2.11100101961905
0.22 -2.81839410568182 -2.09447920954545
0.23 -2.81623882865217 -2.07688394117391
0.24 -2.81368355833333 -2.05818335266667
0.25 -2.8106947362 -2.03834619152
0.26 -2.80723859903846 -2.01734203796154
0.27 -2.80328130951852 -1.99514152992593
0.28 -2.79878908807143 -1.97171658760714
0.29 -2.79372834503448 -1.94704063810345
0.3 -2.78806581346667 -1.9210888383
0.31 -2.7817686813871 -1.89383829516129
0.32 -2.7748047233125 -1.86526828184375
0.33 -2.76714243 -1.835360448
0.34 -2.75875114035294 -1.80409903479412
0.35 -2.74960116202857 -1.7714710578
0.36 -2.73966390477778 -1.73746652372222
0.37 -2.72891199351351 -1.70207859245946
0.38 -2.71731939026316 -1.66530376078947
0.39 -2.70486151102564 -1.62714203479487
0.4 -2.691515332 -1.5875970718
0.41 -2.67725949731707 -1.5466763262439
0.42 -2.66207442 -1.50439117861905
0.43 -2.64594237813954 -1.46075705072093
0.44 -2.62884760454545 -1.41579350618182
0.45 -2.610776372 -1.36952433615556
0.46 -2.59171707108696 -1.32197762873913
0.47 -2.57166028148936 -1.27318582202128
0.48 -2.550598833125 -1.22318573154167
0.49 -2.52852786591837 -1.17201857444898
0.5 -2.5054448944 -1.11972999412
0.51 -2.48134983196078 -1.06637000588235
0.52 -2.45624500865385 -1.01199293217308
0.53 -2.43013526622642 -0.956657461679245
0.54 -2.40302789740741 -0.90042643462963
0.55 -2.37493270436364 -0.843366830018182
0.56 -2.34586199910714 -0.785549640857143
0.57 -2.31583056719298 -0.727049693719298
0.58 -2.2848557037931 -0.667945567103448
0.59 -2.25295714237288 -0.608319346186441
0.6 -2.22015705133333 -0.548256466666667
0.61 -2.18648001704918 -0.487845528819672
0.62 -2.15195290129032 -0.427177951306452
0.63 -2.11660494555556 -0.366347908825397
0.64 -2.08046756984375 -0.30545190515625
0.65 -2.04357432169231 -0.244588525923077
0.66 -2.00596089787879 -0.183858224424242
0.67 -1.96766495104478 -0.123362910925373
0.68 -1.92872601720588 -0.0632056553514706
0.69 -1.88918544768116 -0.00349036487463768
0.7 -1.84908630714286 0.0556785790514286
0.71 -1.80847322267606 0.114196693533803
0.72 -1.76739228236111 0.171959758166667
0.73 -1.72589090561644 0.228864187205479
0.74 -1.68401772486486 0.284807421391892
0.75 -1.64182245826667 0.339688347493333
0.76 -1.59935574618421 0.393407662184211
0.77 -1.55666901857143 0.44586827974026
0.78 -1.51381434858974 0.496975730833333
0.79 -1.47084430253165 0.546638559949367
0.8 -1.427811787 0.5947687199625
0.81 -1.38476989395062 0.641281961666667
0.82 -1.34177174487805 0.686098216560976
0.83 -1.29887033240964 0.729141970975904
0.84 -1.25611836261905 0.770342629619048
0.85 -1.21356809694118 0.809634866552941
0.86 -1.17127119465116 0.846958961755814
0.87 -1.12927855634483 0.882261121344828
0.88 -1.08764016901136 0.915493779352273
0.89 -1.04640495396629 0.946615879258427
0.9 -1.00562061694444 0.975593133044445
0.91 -0.965333501901099 1.00239825593407
0.92 -0.925588448847826 1.02701117463043
0.93 -0.886428656365591 1.049419207
0.94 -0.847895549308511 1.06961721117021
0.95 -0.810028652663158 1.08760770178947
0.96 -0.772865471895833 1.10340093177083
0.97 -0.736441459886598 1.11701467659794
0.98 -0.7007897 1.12847497540816
0.99 -0.665940969373737 1.13781551262626
1 -0.63192362688 1.1450776414
1.01 -0.598763522643564 1.15031030841584
1.02 -0.566483929323529 1.15356989343137
1.03 -0.535105569572816 1.1549197968932
1.04 -0.504646422153846 1.15443060336538
1.05 -0.475121573228571 1.15217997409524
1.06 -0.446543444254717 1.14825167481132
1.07 -0.418921683616822 1.14273543140187
1.08 -0.392263304546296 1.13572626842593
1.09 -0.366572407422018 1.12732460376147
1.1 -0.341850133554545 1.11763563536364
1.11 -0.318095042873874 1.10676819351351
1.12 -0.295303114160714 1.09483430017857
1.13 -0.273467791212389 1.08194869070796
1.14 -0.252579457842105 1.06822825973684
1.15 -0.232626298921739 1.05379061052174
1.16 -0.21359431437931 1.03875365206897
1.17 -0.195467087965812 1.02323488358974
1.18 -0.178225760966102 1.00734966872881
1.19 -0.161849732714286 0.991210688571429
1.2 -0.146316860433333 0.974928219083333
1.21 -0.131602632297521 0.958605915702479
1.22 -0.117681358237705 0.942341646147541
1.23 -0.104526245731707 0.926227955528455
1.24 -0.0921090415564516 0.910347281774193
1.25 -0.08040069528 0.8947711168
1.26 -0.0693716633333333 0.879563170238095
1.27 -0.0589917910070866 0.864772940944882
1.28 -0.0492309253539062 0.850433471328125
1.29 -0.0400589015403101 0.836566595348837
1.3 -0.0314454759676923 0.823161768615385
1.31 -0.0233614965427481 0.810177113664122
1.32 -0.015778196755303 0.797556302878788
1.33 -0.00866961450827068 0.785212241428571
1.34 -0.00201198031313433 0.773054832089552
1.35 0.00421728363474074 0.76098561637037
1.36 0.0100362221926471 0.748909611323529
1.37 0.0154622076854015 0.736737078832117
1.38 0.0205099946485507 0.724386477369565
1.39 0.0251922343510791 0.711795980273381
1.4 0.0295211464692857 0.698905741821429
1.41 0.0335068660588652 0.685684429191489
1.42 0.0371595609647887 0.672105740795775
1.43 0.0404886599132867 0.658158360566434
1.44 0.0435035298305556 0.643847684888889
1.45 0.0462134178758621 0.629179702613793
1.46 0.0486278592808219 0.614180365363014
1.47 0.0507564374931973 0.598873535387755
1.48 0.0526091053493243 0.583293252695946
1.49 0.0541960792067114 0.567475240275168
1.5 0.0555277482813333 0.551458196306667
1.51 0.0566149445192053 0.535282510980132
1.52 0.0574684487092105 0.518989006032895
1.53 0.0580994873862745 0.502617941104575
1.54 0.0585191875506493 0.486209709175325
1.55 0.0587388907258065 0.469802307619355
1.56 0.0587698820134615 0.453433343698718
1.57 0.0586234764394904 0.437137833375796
1.58 0.0583108824575949 0.420949199037975
1.59 0.0578432711113207 0.404899066616352
1.6 0.0572315716825 0.38901614108125
1.61 0.0564867045875776 0.37332845
1.62 0.055619163508642 0.357859978858025
1.63 0.0546395214 0.34263508892638
1.64 0.0535577242810976 0.327673328853659
1.65 0.0523839105193939 0.312995427987879
1.66 0.0511274041355422 0.298616907855422
1.67 0.0497978313700599 0.284554972197605
1.68 0.0484038502785714 0.270821561886905
1.69 0.0469545063242604 0.257430507532544
1.7 0.0454577717923529 0.244390606958824
1.71 0.0439220503409357 0.231712495461988
1.72 0.0423546282598837 0.219402236860465
1.73 0.0407632124404624 0.207467459491329
1.74 0.0391544192655172 0.195911867068966
1.75 0.0375352086205714 0.184740271148571
1.76 0.0359115567903409 0.173954352892045
1.77 0.0342896305463277 0.163556296282486
1.78 0.032674806955618 0.153546060657303
1.79 0.0310724183703911 0.143923393044693
1.8 0.0294872911588889 0.134686792916667
1.81 0.027923889160221 0.125833768834254
1.82 0.0263865394274725 0.117361579615385
1.83 0.024878814789071 0.109265710901639
1.84 0.0234045907983696 0.10154235175
1.85 0.0219665447427027 0.0941852073351351
1.86 0.0205681368897849 0.0871895142258065
1.87 0.0192112765112299 0.0805476472352941
1.88 0.0178987055930851 0.0742534328723404
1.89 0.0166319543185185 0.0682987237354497
1.9 0.0154128822010526 0.0626758476789474
1.91 0.0142427635005236 0.0573763279319372
1.92 0.0131225652625 0.0523912209270833
1.93 0.0120533547937824 0.0477117530207254
1.94 0.0110352604304124 0.043328031585567
1.95 0.01006913234 0.0392309301974359
1.96 0.00915451340561224 0.0354100778265306
1.97 0.00829158457664975 0.0318556375416244
1.98 0.00747982549090909 0.0285572969616162
1.99 0.00671863885025126 0.0255046527130653
2 0.006007465623 0.022687363209
2.01 0.00534506311940299 0.0200948450935323
2.02 0.00473070960272277 0.0177165854188119
2.03 0.0041628478870936 0.0155421286162562
2.04 0.00364023835995098 0.0135609156254902
2.05 0.00316138793926829 0.0117625736039024
2.06 0.00272454383106796 0.0101368901674757
2.07 0.00232821695318841 0.0086733485410628
2.08 0.00197039220067308 0.00736229759759615
2.09 0.00164930258444976 0.00619352126507177
2.1 0.00136300028142857 0.00515746176619048
2.11 0.00110945407099526 0.00424482519682464
2.12 0.000886721343490566 0.0034457667095283
2.13 0.000692711233568075 0.00275200230267606
2.14 0.000525373535 0.00215429304098131
2.15 0.000382677252590698 0.00164433440325581
2.16 0.000262603573611111 0.00121441441398148
2.17 0.000163043576032258 0.000855669657050691
2.18 8.21412816055046e-05 0.000561695317614679
2.19 1.78883466863014e-05 0.000324864450876712
2.2 -3.161995426e-05 0.00013817613435
2.21 -6.80664539728507e-05 -4.02948067597285e-06
2.22 -9.34148363603603e-05 -0.000108856563522523
2.23 -0.000109150676542601 -0.000181185462704036
2.24 -0.000116825459339286 -0.000226172427919643
2.25 -0.000118179523133333 -0.000249753693533333
2.26 -0.000114252969986726 -0.000255120387061947
2.27 -0.000106504132550661 -0.000247028831515418
2.28 -9.61251661710526e-05 -0.000229310244390351
2.29 -8.38834779956332e-05 -0.000204319620877729
2.3 -7.10493249347826e-05 -0.000176073245630435
2.31 -5.81669362380952e-05 -0.000146275181242424
2.32 -4.57373115431034e-05 -0.0001164918145
2.33 -3.47917043175966e-05 -8.98984933390558e-05
2.34 -2.51919697444444e-05 -6.61735132264957e-05
2.35 -1.72654974165957e-05 -4.63754572680851e-05
2.36 -1.14672594360169e-05 -3.19300550305085e-05
2.37 -7.28480813333333e-06 -2.14912603265823e-05
2.38 -4.77354051092437e-06 -1.54195079823529e-05
2.39 -3.77352400376569e-06 -1.33704906661088e-05
2.4 -3.42813245833333e-06 -1.27197249058333e-05
2.41 -2.69626375369295e-06 -1.02051356672199e-05
2.42 -1.4471670588843e-06 -5.60534715619835e-06
2.43 -3.35360994843621e-07 -1.32189217884774e-06
2.44 1.72685964020492e-07 6.43757641434426e-07
2.45 2.02669718346939e-07 7.55534363306122e-07
2.46 5.56094298699187e-08 2.07306920495935e-07
2.47 0 0
2.48 0 0
2.49 0 0
2.5 0 0
2.51 0 0
2.52 0 0
2.53 0 0
2.54 0 0
2.55 0 0
2.56 0 0
2.57 0 0
2.58 0 0
2.59 0 0
2.6 0 0
2.61 0 0
2.62 0 0
2.63 0 0
2.64 0 0
2.65 0 0
2.66 0 0
2.67 0 0
2.68 0 0
2.69 0 0
2.7 0 0
2.71 0 0
2.72 0 0
2.73 0 0
2.74 0 0
2.75 0 0
2.76 0 0
2.77 0 0
2.78 0 0
2.79 0 0
2.8 0 0
2.81 0 0
2.82 0 0
2.83 0 0
2.84 0 0
2.85 0 0
2.86 0 0
2.87 0 0
2.88 0 0
2.89 0 0
2.9 0 0
2.91 0 0
2.92 0 0
2.93 0 0
2.94 0 0
2.95 0 0
2.96 0 0
2.97 0 0
2.98 0 0
2.99 0 0
3 0 0
3.01 0 0
3.02 0 0
3.03 0 0
3.04 0 0
3.05 0 0
3.06 0 0
3.07 0 0
3.08 0 0
3.09 0 0
3.1 0 0
3.11 0 0
3.12 0 0
3.13 0 0
3.14 0 0
3.15 0 0
3.16 0 0
3.17 0 0
3.18 0 0
3.19 0 0
3.2 0 0
3.21 0 0
3.22 0 0
3.23 0 0
3.24 0 0
3.25 0 0
3.26 0 0
3.27 0 0
3.28 0 0
3.29 0 0
3.3 0 0
3.31 0 0
3.32 0 0
3.33 0 0
3.34 0 0
3.35 0 0
3.36 0 0
3.37 0 0
3.38 0 0
3.39 0 0
3.4 0 0
3.41 0 0
3.42 0 0
3.43 0 0
3.44 0 0
3.45 0 0
3.46 0 0
3.47 0 0
3.48 0 0
3.49 0 0
3.5 0 0
3.51 0 0
3.52 0 0
3.53 0 0
3.54 0 0
3.55 0 0
3.56 0 0
3.57 0 0
3.58 0 0
3.59 0 0
3.6 0 0
3.61 0 0
3.62 0 0
3.63 0 0
3.64 0 0
3.65 0 0
3.66 0 0
3.67 0 0
3.68 0 0
3.69 0 0
3.7 0 0
3.71 0 0
3.72 0 0
3.73 0 0
3.74 0 0
3.75 0 0
3.76 0 0
3.77 0 0
3.78 0 0
3.79 0 0
3.8 0 0
3.81 0 0
3.82 0 0
3.83 0 0
3.84 0 0
3.85 0 0
3.86 0 0
3.87 0 0
3.88 0 0
3.89 0 0
3.9 0 0
3.91 0 0
3.92 0 0
3.93 0 0
3.94 0 0
3.95 0 0
3.96 0 0
3.97 0 0
3.98 0 0
3.99 0 0
4 0 0
4.01 0 0
4.02 0 0
4.03 0 0
4.04 0 0
4.05 0 0
4.06 0 0
4.07 0 0
4.08 0 0
4.09 0 0
4.1 0 0
4.11 0 0
4.12 0 0
4.13 0 0
4.14 0 0
4.15 0 0
4.16 0 0
4.17 0 0
4.18 0 0
4.19 0 0
4.2 0 0
4.21 0 0
4.22 0 0
4.23 0 0
4.24 0 0
4.25 0 0
4.26 0 0
4.27 0 0
4.28 0 0
4.29 0 0
4.3 0 0
4.31 0 0
4.32 0 0
4.33 0 0
4.34 0 0
4.35 0 0
4.36 0 0
4.37 0 0
4.38 0 0
4.39 0 0
4.4 0 0
4.41 0 0
4.42 0 0
4.43 0 0
4.44 0 0
4.45 0 0
4.46 0 0
4.47 0 0
4.48 0 0
4.49 0 0
4.5 0 0
4.51 0 0
4.52 0 0
4.53 0 0
4.54 0 0
4.55 0 0
4.56 0 0
4.57 0 0
4.58 0 0
4.59 0 0
4.6 0 0
4.61 0 0
4.62 0 0
4.63 0 0
4.64 0 0
4.65 0 0
4.66 0 0
4.67 0 0
4.68 0 0
4.69 0 0
4.7 0 0
4.71 0 0
4.72 0 0
4.73 0 0
4.74 0 0
4.75 0 0
4.76 0 0
4.77 0 0
4.78 0 0
4.79 0 0
4.8 0 0
4.81 0 0
4.82 0 0
4.83 0 0
4.84 0 0
4.85 0 0
4.86 0 0
4.87 0 0
4.88 0 0
4.89 0 0
4.9 0 0
4.91 0 0
4.92 0 0
4.93 0 0
4.94 0 0
4.95 0 0
4.96 0 0
4.97 0 0
4.98 0 0
4.99 0 0
5 0 0
5.01 0 0
5.02 0 0
5.03 0 0
5.04 0 0
5.05 0 0
5.06 0 0
5.07 0 0
5.08 0 0
5.09 0 0
5.1 0 0
5.11 0 0
5.12 0 0
5.13 0 0
5.14 0 0
5.15 0 0
5.16 0 0
5.17 0 0
5.18 0 0
5.19 0 0
5.2 0 0
5.21 0 0
5.22 0 0
5.23 0 0
5.24 0 0
5.25 0 0
5.26 0 0
5.27 0 0
5.28 0 0
5.29 0 0
5.3 0 0
5.31 0 0
5.32 0 0
5.33 0 0
5.34 0 0
5.35 0 0
5.36 0 0
5.37 0 0
5.38 0 0
5.39 0 0
5.4 0 0
5.41 0 0
5.42 0 0
5.43 0 0
5.44 0 0
5.45 0 0
5.46 0 0
5.47 0 0
5.48 0 0
5.49 0 0
5.5 0 0
5.51 0 0
5.52 0 0
5.53 0 0
5.54 0 0
5.55 0 0
5.56 0 0
5.57 0 0
5.58 0 0
5.59 0 0
5.6 0 0
5.61 0 0
5.62 0 0
5.63 0 0
5.64 0 0
5.65 0 0
5.66 0 0
5.67 0 0
5.68 0 0
5.69 0 0
5.7 0 0
5.71 0 0
5.72 0 0
5.73 0 0
5.74 0 0
5.75 0 0
5.76 0 0
5.77 0 0
5.78 0 0
5.79 0 0
5.8 0 0
5.81 0 0
5.82 0 0
5.83 0 0
5.84 0 0
5.85 0 0
5.86 0 0
5.87 0 0
5.88 0 0
5.89 0 0
5.9 0 0
5.91 0 0
5.92 0 0
5.93 0 0
5.94 0 0
5.95 0 0
5.96 0 0
5.97 0 0
5.98 0 0
5.99 0 0
6 0 0
6.01 0 0
